Group Chi p1 p2 Class Size
J3 2 2 -1 -1 50232960
J3 2 2 3 2 50232960
J3 2 2 3 3 50232960
J3 2 2 5 4 50232960
J3 2 2 5 5 50232960
J3 2 2 17 11 50232960
J3 2 2 17 12 50232960
J3 2 2 19 13 50232960
J3 2 2 19 14 50232960
J3 3 2 -1 -1 50232960
J3 3 2 3 2 50232960
J3 3 2 3 3 50232960
J3 3 2 5 4 50232960
J3 3 2 5 5 50232960
J3 3 2 17 11 50232960
J3 3 2 17 12 50232960
J3 3 2 19 13 50232960
J3 3 2 19 14 50232960
J3 4 2 -1 -1 50232960
J3 4 2 3 2 50232960
J3 4 2 3 3 50232960
J3 4 2 5 4 50232960
J3 4 2 5 5 50232960
J3 4 2 17 11 50232960
J3 4 2 17 12 50232960
J3 4 2 19 13 50232960
J3 4 2 19 14 50232960
J3 5 2 -1 -1 50232960
J3 5 2 3 2 50232960
J3 5 2 3 3 50232960
J3 5 2 5 4 50232960
J3 5 2 5 5 50232960
J3 5 2 17 11 50232960
J3 5 2 17 12 50232960
J3 5 2 19 13 50232960
J3 5 2 19 14 50232960
J3 6 2 -1 -1 50232960
J3 6 2 3 2 50232960
J3 6 2 3 3 50232960
J3 6 2 5 4 50232960
J3 6 2 5 5 50232960
J3 6 2 17 11 50232960
J3 6 2 17 12 50232960
J3 6 2 19 13 50232960
J3 6 2 19 14 50232960
J3 7 2 -1 -1 50232960
J3 7 2 3 2 50232960
J3 7 2 3 3 50232960
J3 7 2 5 4 50232960
J3 7 2 5 5 50232960
J3 7 2 17 11 50232960
J3 7 2 17 12 50232960
J3 7 2 19 13 50232960
J3 7 2 19 14 50232960
J3 8 2 -1 -1 50232960
J3 8 2 3 2 50232960
J3 8 2 3 3 50232960
J3 8 2 5 4 50232960
J3 8 2 5 5 50232960
J3 8 2 17 11 50232960
J3 8 2 17 12 50232960
J3 8 2 19 13 50232960
J3 8 2 19 14 50232960
J3 9 2 -1 -1 50232960
J3 9 2 3 2 50232960
J3 9 2 3 3 50232960
J3 9 2 5 4 50232960
J3 9 2 5 5 50232960
J3 9 2 17 11 50232960
J3 9 2 17 12 50232960
J3 9 2 19 13 50232960
J3 9 2 19 14 50232960
J3 10 2 -1 -1 50232960
J3 10 2 3 2 50232960
J3 10 2 3 3 50232960
J3 10 2 5 4 50232960
J3 10 2 5 5 50232960
J3 10 2 17 11 50232960
J3 10 2 17 12 50232960
J3 10 2 19 13 50232960
J3 10 2 19 14 50232960
J3 11 2 -1 -1 50232960
J3 11 2 3 2 50232960
J3 11 2 3 3 50232960
J3 11 2 5 4 50232960
J3 11 2 5 5 50232960
J3 11 2 17 11 50232960
J3 11 2 17 12 50232960
J3 11 2 19 13 50232960
J3 11 2 19 14 50232960
J3 12 2 -1 -1 50232960
J3 12 2 3 2 50232960
J3 12 2 3 3 50232960
J3 12 2 5 4 50232960
J3 12 2 5 5 50232960
J3 12 2 17 11 50232960
J3 12 2 17 12 50232960
J3 12 2 19 13 50232960
J3 12 2 19 14 50232960
J3 13 2 -1 -1 50232960
J3 13 2 3 2 50232960
J3 13 2 3 3 50232960
J3 13 2 5 4 50232960
J3 13 2 5 5 50232960
J3 13 2 17 11 50232960
J3 13 2 17 12 50232960
J3 13 2 19 13 50232960
J3 13 2 19 14 50232960
J3 14 2 -1 -1 50232960
J3 14 2 3 2 50232960
J3 14 2 3 3 50232960
J3 14 2 5 4 50232960
J3 14 2 5 5 50232960
J3 14 2 17 11 50232960
J3 14 2 17 12 50232960
J3 14 2 19 13 50232960
J3 14 2 19 14 50232960
J3 2 3 -1 -1 50232960
J3 2 3 2 2 50232960
J3 2 3 5 4 50232960
J3 2 3 5 5 50232960
J3 2 3 17 9 50232960
J3 2 3 17 10 50232960
J3 3 3 -1 -1 50232960
J3 3 3 2 2 50232960
J3 3 3 5 4 50232960
J3 3 3 5 5 50232960
J3 3 3 17 9 50232960
J3 3 3 17 10 50232960
J3 4 3 -1 -1 50232960
J3 4 3 2 2 50232960
J3 4 3 5 4 50232960
J3 4 3 5 5 50232960
J3 4 3 17 9 50232960
J3 4 3 17 10 50232960
J3 4 3 19 11 50232960
J3 4 3 19 12 50232960
J3 5 3 -1 -1 50232960
J3 5 3 2 2 50232960
J3 5 3 5 4 50232960
J3 5 3 5 5 50232960
J3 5 3 17 9 50232960
J3 5 3 17 10 50232960
J3 5 3 19 11 50232960
J3 5 3 19 12 50232960
J3 6 3 -1 -1 50232960
J3 6 3 2 2 50232960
J3 6 3 5 4 50232960
J3 6 3 5 5 50232960
J3 6 3 17 9 50232960
J3 6 3 17 10 50232960
J3 6 3 19 11 50232960
J3 6 3 19 12 50232960
J3 7 3 -1 -1 50232960
J3 7 3 2 2 50232960
J3 7 3 5 4 50232960
J3 7 3 5 5 50232960
J3 7 3 17 9 50232960
J3 7 3 17 10 50232960
J3 7 3 19 11 50232960
J3 7 3 19 12 50232960
J3 8 3 -1 -1 50232960
J3 8 3 2 2 50232960
J3 8 3 5 4 50232960
J3 8 3 5 5 50232960
J3 8 3 17 9 50232960
J3 8 3 17 10 50232960
J3 8 3 19 11 50232960
J3 8 3 19 12 50232960
J3 9 3 -1 -1 50232960
J3 9 3 2 2 50232960
J3 9 3 5 4 50232960
J3 9 3 5 5 50232960
J3 9 3 17 9 50232960
J3 9 3 17 10 50232960
J3 9 3 19 11 50232960
J3 9 3 19 12 50232960
J3 10 3 -1 -1 50232960
J3 10 3 2 2 50232960
J3 10 3 5 4 50232960
J3 10 3 5 5 50232960
J3 10 3 17 9 50232960
J3 10 3 17 10 50232960
J3 10 3 19 11 50232960
J3 10 3 19 12 50232960
J3 11 3 -1 -1 50232960
J3 11 3 2 2 50232960
J3 11 3 5 4 50232960
J3 11 3 5 5 50232960
J3 11 3 17 9 50232960
J3 11 3 17 10 50232960
J3 11 3 19 11 50232960
J3 11 3 19 12 50232960
J3 12 3 -1 -1 50232960
J3 12 3 2 2 50232960
J3 12 3 5 4 50232960
J3 12 3 5 5 50232960
J3 12 3 17 9 50232960
J3 12 3 17 10 50232960
J3 12 3 19 11 50232960
J3 12 3 19 12 50232960
J3 2 5 -1 -1 50232960
J3 2 5 2 2 50232960
J3 2 5 3 3 50232960
J3 2 5 3 4 50232960
J3 2 5 17 12 50232960
J3 2 5 17 13 50232960
J3 2 5 19 14 50232960
J3 2 5 19 15 50232960
J3 3 5 -1 -1 50232960
J3 3 5 2 2 50232960
J3 3 5 3 3 50232960
J3 3 5 3 4 50232960
J3 3 5 17 12 50232960
J3 3 5 17 13 50232960
J3 3 5 19 14 50232960
J3 3 5 19 15 50232960
J3 4 5 -1 -1 50232960
J3 4 5 2 2 50232960
J3 4 5 3 3 50232960
J3 4 5 3 4 50232960
J3 4 5 17 12 50232960
J3 4 5 17 13 50232960
J3 4 5 19 14 50232960
J3 4 5 19 15 50232960
J3 5 5 -1 -1 50232960
J3 5 5 2 2 50232960
J3 5 5 3 3 50232960
J3 5 5 3 4 50232960
J3 5 5 17 12 50232960
J3 5 5 17 13 50232960
J3 5 5 19 14 50232960
J3 5 5 19 15 50232960
J3 6 5 -1 -1 50232960
J3 6 5 2 2 50232960
J3 6 5 3 3 50232960
J3 6 5 3 4 50232960
J3 6 5 17 12 50232960
J3 6 5 17 13 50232960
J3 6 5 19 14 50232960
J3 6 5 19 15 50232960
J3 7 5 -1 -1 50232960
J3 7 5 2 2 50232960
J3 7 5 3 3 50232960
J3 7 5 3 4 50232960
J3 7 5 17 12 50232960
J3 7 5 17 13 50232960
J3 7 5 19 14 50232960
J3 7 5 19 15 50232960
J3 8 5 -1 -1 50232960
J3 8 5 2 2 50232960
J3 8 5 3 3 50232960
J3 8 5 3 4 50232960
J3 8 5 17 12 50232960
J3 8 5 17 13 50232960
J3 8 5 19 14 50232960
J3 8 5 19 15 50232960
J3 9 5 -1 -1 50232960
J3 9 5 2 2 50232960
J3 9 5 3 3 50232960
J3 9 5 3 4 50232960
J3 9 5 17 12 50232960
J3 9 5 17 13 50232960
J3 9 5 19 14 50232960
J3 9 5 19 15 50232960
J3 10 5 -1 -1 50232960
J3 10 5 2 2 50232960
J3 10 5 3 3 50232960
J3 10 5 3 4 50232960
J3 10 5 17 12 50232960
J3 10 5 17 13 50232960
J3 10 5 19 14 50232960
J3 10 5 19 15 50232960
J3 11 5 -1 -1 50232960
J3 11 5 2 2 50232960
J3 11 5 3 3 50232960
J3 11 5 3 4 50232960
J3 11 5 17 12 50232960
J3 11 5 17 13 50232960
J3 11 5 19 14 50232960
J3 11 5 19 15 50232960
J3 12 5 -1 -1 50232960
J3 12 5 2 2 50232960
J3 12 5 3 3 50232960
J3 12 5 3 4 50232960
J3 12 5 17 12 50232960
J3 12 5 17 13 50232960
J3 12 5 19 14 50232960
J3 12 5 19 15 50232960
J3 13 5 -1 -1 50232960
J3 13 5 2 2 50232960
J3 13 5 3 3 50232960
J3 13 5 3 4 50232960
J3 13 5 17 12 50232960
J3 13 5 17 13 50232960
J3 13 5 19 14 50232960
J3 13 5 19 15 50232960
J3 14 5 -1 -1 50232960
J3 14 5 2 2 50232960
J3 14 5 3 3 50232960
J3 14 5 3 4 50232960
J3 14 5 17 12 50232960
J3 14 5 17 13 50232960
J3 14 5 19 14 50232960
J3 14 5 19 15 50232960
J3 15 5 -1 -1 50232960
J3 15 5 2 2 50232960
J3 15 5 3 3 50232960
J3 15 5 3 4 50232960
J3 15 5 17 12 50232960
J3 15 5 17 13 50232960
J3 15 5 19 14 50232960
J3 15 5 19 15 50232960
J3 2 17 -1 -1 50232960
J3 2 17 2 2 50232960
J3 2 17 3 3 50232960
J3 2 17 3 4 50232960
J3 2 17 5 6 50232960
J3 2 17 5 7 50232960
J3 2 17 19 18 50232960
J3 2 17 19 19 50232960
J3 3 17 -1 -1 50232960
J3 3 17 2 2 50232960
J3 3 17 3 3 50232960
J3 3 17 3 4 50232960
J3 3 17 5 6 50232960
J3 3 17 5 7 50232960
J3 3 17 19 18 50232960
J3 3 17 19 19 50232960
J3 4 17 -1 -1 50232960
J3 4 17 2 2 50232960
J3 4 17 3 3 50232960
J3 4 17 3 4 50232960
J3 4 17 5 6 50232960
J3 4 17 5 7 50232960
J3 4 17 19 18 50232960
J3 4 17 19 19 50232960
J3 5 17 -1 -1 50232960
J3 5 17 2 2 50232960
J3 5 17 3 3 50232960
J3 5 17 3 4 50232960
J3 5 17 5 6 50232960
J3 5 17 5 7 50232960
J3 5 17 19 18 50232960
J3 5 17 19 19 50232960
J3 6 17 -1 -1 50232960
J3 6 17 2 2 50232960
J3 6 17 3 3 50232960
J3 6 17 3 4 50232960
J3 6 17 5 6 50232960
J3 6 17 5 7 50232960
J3 6 17 19 18 50232960
J3 6 17 19 19 50232960
J3 7 17 -1 -1 50232960
J3 7 17 2 2 50232960
J3 7 17 3 3 50232960
J3 7 17 3 4 50232960
J3 7 17 5 6 50232960
J3 7 17 5 7 50232960
J3 7 17 19 18 50232960
J3 7 17 19 19 50232960
J3 8 17 -1 -1 50232960
J3 8 17 2 2 50232960
J3 8 17 3 3 50232960
J3 8 17 3 4 50232960
J3 8 17 5 6 50232960
J3 8 17 5 7 50232960
J3 8 17 19 18 50232960
J3 8 17 19 19 50232960
J3 9 17 -1 -1 50232960
J3 9 17 2 2 50232960
J3 9 17 3 3 50232960
J3 9 17 3 4 50232960
J3 9 17 5 6 50232960
J3 9 17 5 7 50232960
J3 9 17 19 18 50232960
J3 9 17 19 19 50232960
J3 10 17 -1 -1 50232960
J3 10 17 2 2 50232960
J3 10 17 3 3 50232960
J3 10 17 3 4 50232960
J3 10 17 5 6 50232960
J3 10 17 5 7 50232960
J3 10 17 19 18 50232960
J3 10 17 19 19 50232960
J3 11 17 -1 -1 50232960
J3 11 17 2 2 50232960
J3 11 17 3 3 50232960
J3 11 17 3 4 50232960
J3 11 17 5 6 50232960
J3 11 17 5 7 50232960
J3 11 17 19 18 50232960
J3 11 17 19 19 50232960
J3 12 17 -1 -1 50232960
J3 12 17 2 2 50232960
J3 12 17 3 3 50232960
J3 12 17 3 4 50232960
J3 12 17 5 6 50232960
J3 12 17 5 7 50232960
J3 12 17 19 18 50232960
J3 12 17 19 19 50232960
J3 13 17 -1 -1 50232960
J3 13 17 2 2 50232960
J3 13 17 3 3 50232960
J3 13 17 3 4 50232960
J3 13 17 5 6 50232960
J3 13 17 5 7 50232960
J3 13 17 19 18 50232960
J3 13 17 19 19 50232960
J3 14 17 -1 -1 50232960
J3 14 17 2 2 50232960
J3 14 17 3 3 50232960
J3 14 17 3 4 50232960
J3 14 17 5 6 50232960
J3 14 17 5 7 50232960
J3 14 17 19 18 50232960
J3 14 17 19 19 50232960
J3 15 17 -1 -1 50232960
J3 15 17 2 2 50232960
J3 15 17 3 3 50232960
J3 15 17 3 4 50232960
J3 15 17 5 6 50232960
J3 15 17 5 7 50232960
J3 15 17 19 18 50232960
J3 15 17 19 19 50232960
J3 16 17 -1 -1 50232960
J3 16 17 2 2 50232960
J3 16 17 3 3 50232960
J3 16 17 3 4 50232960
J3 16 17 5 6 50232960
J3 16 17 5 7 50232960
J3 16 17 19 18 50232960
J3 16 17 19 19 50232960
J3 17 17 -1 -1 50232960
J3 17 17 2 2 50232960
J3 17 17 3 3 50232960
J3 17 17 3 4 50232960
J3 17 17 5 6 50232960
J3 17 17 5 7 50232960
J3 17 17 19 18 50232960
J3 17 17 19 19 50232960
J3 18 17 -1 -1 50232960
J3 18 17 2 2 50232960
J3 18 17 3 3 50232960
J3 18 17 3 4 50232960
J3 18 17 5 6 50232960
J3 18 17 5 7 50232960
J3 18 17 19 18 50232960
J3 18 17 19 19 50232960
J3 19 17 -1 -1 50232960
J3 19 17 2 2 50232960
J3 19 17 3 3 50232960
J3 19 17 3 4 50232960
J3 19 17 5 6 50232960
J3 19 17 5 7 50232960
J3 19 17 19 18 50232960
J3 19 17 19 19 50232960
J3 2 19 -1 -1 50232960
J3 2 19 2 2 50232960
J3 2 19 3 3 50232960
J3 2 19 3 4 50232960
J3 2 19 5 6 50232960
J3 2 19 5 7 50232960
J3 2 19 17 18 50232960
J3 2 19 17 19 50232960
J3 3 19 -1 -1 50232960
J3 3 19 2 2 50232960
J3 3 19 3 3 50232960
J3 3 19 3 4 50232960
J3 3 19 5 6 50232960
J3 3 19 5 7 50232960
J3 3 19 17 18 50232960
J3 3 19 17 19 50232960
J3 4 19 -1 -1 50232960
J3 4 19 2 2 50232960
J3 4 19 3 3 50232960
J3 4 19 3 4 50232960
J3 4 19 5 6 50232960
J3 4 19 5 7 50232960
J3 4 19 17 18 50232960
J3 4 19 17 19 50232960
J3 5 19 -1 -1 50232960
J3 5 19 2 2 50232960
J3 5 19 3 3 50232960
J3 5 19 3 4 50232960
J3 5 19 5 6 50232960
J3 5 19 5 7 50232960
J3 5 19 17 18 50232960
J3 5 19 17 19 50232960
J3 6 19 -1 -1 50232960
J3 6 19 2 2 50232960
J3 6 19 3 3 50232960
J3 6 19 3 4 50232960
J3 6 19 5 6 50232960
J3 6 19 5 7 50232960
J3 6 19 17 18 50232960
J3 6 19 17 19 50232960
J3 7 19 -1 -1 50232960
J3 7 19 2 2 50232960
J3 7 19 3 3 50232960
J3 7 19 3 4 50232960
J3 7 19 5 6 50232960
J3 7 19 5 7 50232960
J3 7 19 17 18 50232960
J3 7 19 17 19 50232960
J3 8 19 -1 -1 50232960
J3 8 19 2 2 50232960
J3 8 19 3 3 50232960
J3 8 19 3 4 50232960
J3 8 19 5 6 50232960
J3 8 19 5 7 50232960
J3 8 19 17 18 50232960
J3 8 19 17 19 50232960
J3 9 19 -1 -1 50232960
J3 9 19 2 2 50232960
J3 9 19 3 3 50232960
J3 9 19 3 4 50232960
J3 9 19 5 6 50232960
J3 9 19 5 7 50232960
J3 9 19 17 18 50232960
J3 9 19 17 19 50232960
J3 10 19 -1 -1 50232960
J3 10 19 2 2 50232960
J3 10 19 3 3 50232960
J3 10 19 3 4 50232960
J3 10 19 5 6 50232960
J3 10 19 5 7 50232960
J3 10 19 17 18 50232960
J3 10 19 17 19 50232960
J3 11 19 -1 -1 50232960
J3 11 19 2 2 50232960
J3 11 19 3 3 50232960
J3 11 19 3 4 50232960
J3 11 19 5 6 50232960
J3 11 19 5 7 50232960
J3 11 19 17 18 50232960
J3 11 19 17 19 50232960
J3 12 19 -1 -1 50232960
J3 12 19 2 2 50232960
J3 12 19 3 3 50232960
J3 12 19 3 4 50232960
J3 12 19 5 6 50232960
J3 12 19 5 7 50232960
J3 12 19 17 18 50232960
J3 12 19 17 19 50232960
J3 13 19 -1 -1 50232960
J3 13 19 2 2 50232960
J3 13 19 3 3 50232960
J3 13 19 3 4 50232960
J3 13 19 5 6 50232960
J3 13 19 5 7 50232960
J3 13 19 17 18 50232960
J3 13 19 17 19 50232960
J3 14 19 -1 -1 50232960
J3 14 19 2 2 50232960
J3 14 19 3 3 50232960
J3 14 19 3 4 50232960
J3 14 19 5 6 50232960
J3 14 19 5 7 50232960
J3 14 19 17 18 50232960
J3 14 19 17 19 50232960
J3 15 19 -1 -1 50232960
J3 15 19 2 2 50232960
J3 15 19 3 3 50232960
J3 15 19 3 4 50232960
J3 15 19 5 6 50232960
J3 15 19 5 7 50232960
J3 15 19 17 18 50232960
J3 15 19 17 19 50232960
J3 16 19 -1 -1 50232960
J3 16 19 2 2 50232960
J3 16 19 3 3 50232960
J3 16 19 3 4 50232960
J3 16 19 5 6 50232960
J3 16 19 5 7 50232960
J3 16 19 17 18 50232960
J3 16 19 17 19 50232960
J3 17 19 -1 -1 50232960
J3 17 19 2 2 50232960
J3 17 19 3 3 50232960
J3 17 19 3 4 50232960
J3 17 19 5 6 50232960
J3 17 19 5 7 50232960
J3 17 19 17 18 50232960
J3 17 19 17 19 50232960
J3 18 19 -1 -1 50232960
J3 18 19 2 2 50232960
J3 18 19 3 3 50232960
J3 18 19 3 4 50232960
J3 18 19 5 6 50232960
J3 18 19 5 7 50232960
J3 18 19 17 18 50232960
J3 18 19 17 19 50232960
J3 19 19 -1 -1 50232960
J3 19 19 2 2 50232960
J3 19 19 3 3 50232960
J3 19 19 3 4 50232960
J3 19 19 5 6 50232960
J3 19 19 5 7 50232960
J3 19 19 17 18 50232960
J3 19 19 17 19 50232960
ON 2 2 -1 -1 460815505920
ON 2 2 3 2 460815505920
ON 2 2 5 3 460815505920
ON 2 2 7 4 460815505920
ON 2 2 7 5 460815505920
ON 2 2 11 6 460815505920
ON 2 2 19 9 460815505920
ON 2 2 19 10 460815505920
ON 2 2 19 11 460815505920
ON 2 2 31 12 460815505920
ON 2 2 31 13 460815505920
ON 3 2 -1 -1 460815505920
ON 3 2 3 2 460815505920
ON 3 2 5 3 460815505920
ON 3 2 7 4 460815505920
ON 3 2 7 5 460815505920
ON 3 2 11 6 460815505920
ON 3 2 19 9 460815505920
ON 3 2 19 10 460815505920
ON 3 2 19 11 460815505920
ON 3 2 31 12 460815505920
ON 3 2 31 13 460815505920
ON 4 2 -1 -1 460815505920
ON 4 2 3 2 460815505920
ON 4 2 5 3 460815505920
ON 4 2 7 4 460815505920
ON 4 2 7 5 460815505920
ON 4 2 11 6 460815505920
ON 4 2 19 9 460815505920
ON 4 2 19 10 460815505920
ON 4 2 19 11 460815505920
ON 4 2 31 12 460815505920
ON 4 2 31 13 460815505920
ON 5 2 -1 -1 460815505920
ON 5 2 3 2 460815505920
ON 5 2 5 3 460815505920
ON 5 2 7 4 460815505920
ON 5 2 7 5 460815505920
ON 5 2 11 6 460815505920
ON 5 2 19 9 460815505920
ON 5 2 19 10 460815505920
ON 5 2 19 11 460815505920
ON 5 2 31 12 460815505920
ON 5 2 31 13 460815505920
ON 6 2 -1 -1 460815505920
ON 6 2 3 2 460815505920
ON 6 2 5 3 460815505920
ON 6 2 7 4 460815505920
ON 6 2 7 5 460815505920
ON 6 2 11 6 460815505920
ON 6 2 19 9 460815505920
ON 6 2 19 10 460815505920
ON 6 2 19 11 460815505920
ON 6 2 31 12 460815505920
ON 6 2 31 13 460815505920
ON 7 2 -1 -1 460815505920
ON 7 2 3 2 460815505920
ON 7 2 5 3 460815505920
ON 7 2 7 4 460815505920
ON 7 2 7 5 460815505920
ON 7 2 11 6 460815505920
ON 7 2 19 9 460815505920
ON 7 2 19 10 460815505920
ON 7 2 19 11 460815505920
ON 7 2 31 12 460815505920
ON 7 2 31 13 460815505920
ON 8 2 -1 -1 460815505920
ON 8 2 3 2 460815505920
ON 8 2 5 3 460815505920
ON 8 2 7 4 460815505920
ON 8 2 7 5 460815505920
ON 8 2 11 6 460815505920
ON 8 2 19 9 460815505920
ON 8 2 19 10 460815505920
ON 8 2 19 11 460815505920
ON 8 2 31 12 460815505920
ON 8 2 31 13 460815505920
ON 9 2 -1 -1 460815505920
ON 9 2 3 2 460815505920
ON 9 2 5 3 460815505920
ON 9 2 7 4 460815505920
ON 9 2 7 5 460815505920
ON 9 2 11 6 460815505920
ON 9 2 19 9 460815505920
ON 9 2 19 10 460815505920
ON 9 2 19 11 460815505920
ON 9 2 31 12 460815505920
ON 9 2 31 13 460815505920
ON 10 2 -1 -1 460815505920
ON 10 2 3 2 460815505920
ON 10 2 5 3 460815505920
ON 10 2 7 4 460815505920
ON 10 2 7 5 460815505920
ON 10 2 11 6 460815505920
ON 10 2 19 9 460815505920
ON 10 2 19 10 460815505920
ON 10 2 19 11 460815505920
ON 10 2 31 12 460815505920
ON 10 2 31 13 460815505920
ON 11 2 -1 -1 460815505920
ON 11 2 3 2 460815505920
ON 11 2 5 3 460815505920
ON 11 2 7 4 460815505920
ON 11 2 7 5 460815505920
ON 11 2 11 6 460815505920
ON 11 2 19 9 460815505920
ON 11 2 19 10 460815505920
ON 11 2 19 11 460815505920
ON 11 2 31 12 460815505920
ON 11 2 31 13 460815505920
ON 12 2 -1 -1 460815505920
ON 12 2 3 2 460815505920
ON 12 2 5 3 460815505920
ON 12 2 7 4 460815505920
ON 12 2 7 5 460815505920
ON 12 2 11 6 460815505920
ON 12 2 19 9 460815505920
ON 12 2 19 10 460815505920
ON 12 2 19 11 460815505920
ON 12 2 31 12 460815505920
ON 12 2 31 13 460815505920
ON 13 2 -1 -1 460815505920
ON 13 2 3 2 460815505920
ON 13 2 5 3 460815505920
ON 13 2 7 4 460815505920
ON 13 2 7 5 460815505920
ON 13 2 11 6 460815505920
ON 13 2 19 9 460815505920
ON 13 2 19 10 460815505920
ON 13 2 19 11 460815505920
ON 13 2 31 12 460815505920
ON 13 2 31 13 460815505920
ON 2 3 -1 -1 460815505920
ON 2 3 2 2 460815505920
ON 2 3 5 5 460815505920
ON 2 3 7 6 460815505920
ON 2 3 7 7 460815505920
ON 2 3 11 11 460815505920
ON 2 3 19 17 460815505920
ON 2 3 19 18 460815505920
ON 2 3 19 19 460815505920
ON 2 3 31 24 460815505920
ON 2 3 31 25 460815505920
ON 3 3 -1 -1 460815505920
ON 3 3 2 2 460815505920
ON 3 3 5 5 460815505920
ON 3 3 7 6 460815505920
ON 3 3 7 7 460815505920
ON 3 3 11 11 460815505920
ON 3 3 19 17 460815505920
ON 3 3 19 18 460815505920
ON 3 3 19 19 460815505920
ON 3 3 31 24 460815505920
ON 3 3 31 25 460815505920
ON 4 3 -1 -1 460815505920
ON 4 3 2 2 460815505920
ON 4 3 5 5 460815505920
ON 4 3 7 6 460815505920
ON 4 3 7 7 460815505920
ON 4 3 11 11 460815505920
ON 4 3 19 17 460815505920
ON 4 3 19 18 460815505920
ON 4 3 19 19 460815505920
ON 4 3 31 24 460815505920
ON 4 3 31 25 460815505920
ON 5 3 -1 -1 460815505920
ON 5 3 2 2 460815505920
ON 5 3 5 5 460815505920
ON 5 3 7 6 460815505920
ON 5 3 7 7 460815505920
ON 5 3 11 11 460815505920
ON 5 3 19 17 460815505920
ON 5 3 19 18 460815505920
ON 5 3 19 19 460815505920
ON 5 3 31 24 460815505920
ON 5 3 31 25 460815505920
ON 6 3 -1 -1 460815505920
ON 6 3 2 2 460815505920
ON 6 3 5 5 460815505920
ON 6 3 7 6 460815505920
ON 6 3 7 7 460815505920
ON 6 3 11 11 460815505920
ON 6 3 19 17 460815505920
ON 6 3 19 18 460815505920
ON 6 3 19 19 460815505920
ON 6 3 31 24 460815505920
ON 6 3 31 25 460815505920
ON 7 3 -1 -1 460815505920
ON 7 3 2 2 460815505920
ON 7 3 5 5 460815505920
ON 7 3 7 6 460815505920
ON 7 3 7 7 460815505920
ON 7 3 11 11 460815505920
ON 7 3 19 17 460815505920
ON 7 3 19 18 460815505920
ON 7 3 19 19 460815505920
ON 7 3 31 24 460815505920
ON 7 3 31 25 460815505920
ON 8 3 -1 -1 460815505920
ON 8 3 2 2 460815505920
ON 8 3 5 5 460815505920
ON 8 3 7 6 460815505920
ON 8 3 7 7 460815505920
ON 8 3 11 11 460815505920
ON 8 3 19 17 460815505920
ON 8 3 19 18 460815505920
ON 8 3 19 19 460815505920
ON 8 3 31 24 460815505920
ON 8 3 31 25 460815505920
ON 9 3 -1 -1 460815505920
ON 9 3 2 2 460815505920
ON 9 3 5 5 460815505920
ON 9 3 7 6 460815505920
ON 9 3 7 7 460815505920
ON 9 3 11 11 460815505920
ON 9 3 19 17 460815505920
ON 9 3 19 18 460815505920
ON 9 3 19 19 460815505920
ON 9 3 31 24 460815505920
ON 9 3 31 25 460815505920
ON 10 3 -1 -1 460815505920
ON 10 3 2 2 460815505920
ON 10 3 5 5 460815505920
ON 10 3 7 6 460815505920
ON 10 3 7 7 460815505920
ON 10 3 11 11 460815505920
ON 10 3 19 17 460815505920
ON 10 3 19 18 460815505920
ON 10 3 19 19 460815505920
ON 10 3 31 24 460815505920
ON 10 3 31 25 460815505920
ON 11 3 -1 -1 460815505920
ON 11 3 2 2 460815505920
ON 11 3 5 5 460815505920
ON 11 3 7 6 460815505920
ON 11 3 7 7 460815505920
ON 11 3 11 11 460815505920
ON 11 3 19 17 460815505920
ON 11 3 19 18 460815505920
ON 11 3 19 19 460815505920
ON 11 3 31 24 460815505920
ON 11 3 31 25 460815505920
ON 12 3 -1 -1 460815505920
ON 12 3 2 2 460815505920
ON 12 3 5 5 460815505920
ON 12 3 7 6 460815505920
ON 12 3 7 7 460815505920
ON 12 3 11 11 460815505920
ON 12 3 19 17 460815505920
ON 12 3 19 18 460815505920
ON 12 3 19 19 460815505920
ON 12 3 31 24 460815505920
ON 12 3 31 25 460815505920
ON 13 3 -1 -1 460815505920
ON 13 3 2 2 460815505920
ON 13 3 5 5 460815505920
ON 13 3 7 6 460815505920
ON 13 3 7 7 460815505920
ON 13 3 11 11 460815505920
ON 13 3 19 17 460815505920
ON 13 3 19 18 460815505920
ON 13 3 19 19 460815505920
ON 13 3 31 24 460815505920
ON 13 3 31 25 460815505920
ON 14 3 -1 -1 460815505920
ON 14 3 2 2 460815505920
ON 14 3 5 5 460815505920
ON 14 3 7 6 460815505920
ON 14 3 7 7 460815505920
ON 14 3 11 11 460815505920
ON 14 3 19 17 460815505920
ON 14 3 19 18 460815505920
ON 14 3 19 19 460815505920
ON 14 3 31 24 460815505920
ON 14 3 31 25 460815505920
ON 15 3 -1 -1 460815505920
ON 15 3 2 2 460815505920
ON 15 3 5 5 460815505920
ON 15 3 7 6 460815505920
ON 15 3 7 7 460815505920
ON 15 3 11 11 460815505920
ON 15 3 19 17 460815505920
ON 15 3 19 18 460815505920
ON 15 3 19 19 460815505920
ON 15 3 31 24 460815505920
ON 15 3 31 25 460815505920
ON 16 3 -1 -1 460815505920
ON 16 3 2 2 460815505920
ON 16 3 5 5 460815505920
ON 16 3 7 6 460815505920
ON 16 3 7 7 460815505920
ON 16 3 11 11 460815505920
ON 16 3 19 17 460815505920
ON 16 3 19 18 460815505920
ON 16 3 19 19 460815505920
ON 16 3 31 24 460815505920
ON 16 3 31 25 460815505920
ON 17 3 -1 -1 460815505920
ON 17 3 2 2 460815505920
ON 17 3 5 5 460815505920
ON 17 3 7 6 460815505920
ON 17 3 7 7 460815505920
ON 17 3 11 11 460815505920
ON 17 3 19 17 460815505920
ON 17 3 19 18 460815505920
ON 17 3 19 19 460815505920
ON 17 3 31 24 460815505920
ON 17 3 31 25 460815505920
ON 18 3 -1 -1 460815505920
ON 18 3 2 2 460815505920
ON 18 3 5 5 460815505920
ON 18 3 7 6 460815505920
ON 18 3 7 7 460815505920
ON 18 3 11 11 460815505920
ON 18 3 19 17 460815505920
ON 18 3 19 18 460815505920
ON 18 3 19 19 460815505920
ON 18 3 31 24 460815505920
ON 18 3 31 25 460815505920
ON 19 3 -1 -1 460815505920
ON 19 3 2 2 460815505920
ON 19 3 5 5 460815505920
ON 19 3 7 6 460815505920
ON 19 3 7 7 460815505920
ON 19 3 11 11 460815505920
ON 19 3 19 17 460815505920
ON 19 3 19 18 460815505920
ON 19 3 19 19 460815505920
ON 19 3 31 24 460815505920
ON 19 3 31 25 460815505920
ON 20 3 -1 -1 460815505920
ON 20 3 2 2 460815505920
ON 20 3 5 5 460815505920
ON 20 3 7 6 460815505920
ON 20 3 7 7 460815505920
ON 20 3 11 11 460815505920
ON 20 3 19 17 460815505920
ON 20 3 19 18 460815505920
ON 20 3 19 19 460815505920
ON 20 3 31 24 460815505920
ON 20 3 31 25 460815505920
ON 21 3 -1 -1 460815505920
ON 21 3 2 2 460815505920
ON 21 3 5 5 460815505920
ON 21 3 7 6 460815505920
ON 21 3 7 7 460815505920
ON 21 3 11 11 460815505920
ON 21 3 19 17 460815505920
ON 21 3 19 18 460815505920
ON 21 3 19 19 460815505920
ON 21 3 31 24 460815505920
ON 21 3 31 25 460815505920
ON 22 3 -1 -1 460815505920
ON 22 3 2 2 460815505920
ON 22 3 5 5 460815505920
ON 22 3 7 6 460815505920
ON 22 3 7 7 460815505920
ON 22 3 11 11 460815505920
ON 22 3 19 17 460815505920
ON 22 3 19 18 460815505920
ON 22 3 19 19 460815505920
ON 22 3 31 24 460815505920
ON 22 3 31 25 460815505920
ON 23 3 -1 -1 460815505920
ON 23 3 2 2 460815505920
ON 23 3 5 5 460815505920
ON 23 3 7 6 460815505920
ON 23 3 7 7 460815505920
ON 23 3 11 11 460815505920
ON 23 3 19 17 460815505920
ON 23 3 19 18 460815505920
ON 23 3 19 19 460815505920
ON 23 3 31 24 460815505920
ON 23 3 31 25 460815505920
ON 24 3 -1 -1 460815505920
ON 24 3 2 2 460815505920
ON 24 3 5 5 460815505920
ON 24 3 7 6 460815505920
ON 24 3 7 7 460815505920
ON 24 3 11 11 460815505920
ON 24 3 19 17 460815505920
ON 24 3 19 18 460815505920
ON 24 3 19 19 460815505920
ON 24 3 31 24 460815505920
ON 24 3 31 25 460815505920
ON 25 3 -1 -1 460815505920
ON 25 3 2 2 460815505920
ON 25 3 5 5 460815505920
ON 25 3 7 6 460815505920
ON 25 3 7 7 460815505920
ON 25 3 11 11 460815505920
ON 25 3 19 17 460815505920
ON 25 3 19 18 460815505920
ON 25 3 19 19 460815505920
ON 25 3 31 24 460815505920
ON 25 3 31 25 460815505920
ON 2 5 -1 -1 460815505920
ON 2 5 2 2 460815505920
ON 2 5 3 3 460815505920
ON 2 5 7 7 460815505920
ON 2 5 7 8 460815505920
ON 2 5 11 11 460815505920
ON 2 5 19 18 460815505920
ON 2 5 19 19 460815505920
ON 2 5 19 20 460815505920
ON 2 5 31 23 460815505920
ON 2 5 31 24 460815505920
ON 3 5 -1 -1 460815505920
ON 3 5 2 2 460815505920
ON 3 5 3 3 460815505920
ON 3 5 7 7 460815505920
ON 3 5 7 8 460815505920
ON 3 5 11 11 460815505920
ON 3 5 19 18 460815505920
ON 3 5 19 19 460815505920
ON 3 5 19 20 460815505920
ON 3 5 31 23 460815505920
ON 3 5 31 24 460815505920
ON 4 5 -1 -1 460815505920
ON 4 5 2 2 460815505920
ON 4 5 3 3 460815505920
ON 4 5 7 7 460815505920
ON 4 5 7 8 460815505920
ON 4 5 11 11 460815505920
ON 4 5 19 18 460815505920
ON 4 5 19 19 460815505920
ON 4 5 19 20 460815505920
ON 4 5 31 23 460815505920
ON 4 5 31 24 460815505920
ON 5 5 -1 -1 460815505920
ON 5 5 2 2 460815505920
ON 5 5 3 3 460815505920
ON 5 5 7 7 460815505920
ON 5 5 7 8 460815505920
ON 5 5 11 11 460815505920
ON 5 5 19 18 460815505920
ON 5 5 19 19 460815505920
ON 5 5 19 20 460815505920
ON 5 5 31 23 460815505920
ON 5 5 31 24 460815505920
ON 6 5 -1 -1 460815505920
ON 6 5 2 2 460815505920
ON 6 5 3 3 460815505920
ON 6 5 7 7 460815505920
ON 6 5 7 8 460815505920
ON 6 5 11 11 460815505920
ON 6 5 19 18 460815505920
ON 6 5 19 19 460815505920
ON 6 5 19 20 460815505920
ON 6 5 31 23 460815505920
ON 6 5 31 24 460815505920
ON 7 5 -1 -1 460815505920
ON 7 5 2 2 460815505920
ON 7 5 3 3 460815505920
ON 7 5 7 7 460815505920
ON 7 5 7 8 460815505920
ON 7 5 11 11 460815505920
ON 7 5 19 18 460815505920
ON 7 5 19 19 460815505920
ON 7 5 19 20 460815505920
ON 7 5 31 23 460815505920
ON 7 5 31 24 460815505920
ON 8 5 -1 -1 460815505920
ON 8 5 2 2 460815505920
ON 8 5 3 3 460815505920
ON 8 5 7 7 460815505920
ON 8 5 7 8 460815505920
ON 8 5 11 11 460815505920
ON 8 5 19 18 460815505920
ON 8 5 19 19 460815505920
ON 8 5 19 20 460815505920
ON 8 5 31 23 460815505920
ON 8 5 31 24 460815505920
ON 9 5 -1 -1 460815505920
ON 9 5 2 2 460815505920
ON 9 5 3 3 460815505920
ON 9 5 7 7 460815505920
ON 9 5 7 8 460815505920
ON 9 5 11 11 460815505920
ON 9 5 19 18 460815505920
ON 9 5 19 19 460815505920
ON 9 5 19 20 460815505920
ON 9 5 31 23 460815505920
ON 9 5 31 24 460815505920
ON 10 5 -1 -1 460815505920
ON 10 5 2 2 460815505920
ON 10 5 3 3 460815505920
ON 10 5 7 7 460815505920
ON 10 5 7 8 460815505920
ON 10 5 11 11 460815505920
ON 10 5 19 18 460815505920
ON 10 5 19 19 460815505920
ON 10 5 19 20 460815505920
ON 10 5 31 23 460815505920
ON 10 5 31 24 460815505920
ON 11 5 -1 -1 460815505920
ON 11 5 2 2 460815505920
ON 11 5 3 3 460815505920
ON 11 5 7 7 460815505920
ON 11 5 7 8 460815505920
ON 11 5 11 11 460815505920
ON 11 5 19 18 460815505920
ON 11 5 19 19 460815505920
ON 11 5 19 20 460815505920
ON 11 5 31 23 460815505920
ON 11 5 31 24 460815505920
ON 12 5 -1 -1 460815505920
ON 12 5 2 2 460815505920
ON 12 5 3 3 460815505920
ON 12 5 7 7 460815505920
ON 12 5 7 8 460815505920
ON 12 5 11 11 460815505920
ON 12 5 19 18 460815505920
ON 12 5 19 19 460815505920
ON 12 5 19 20 460815505920
ON 12 5 31 23 460815505920
ON 12 5 31 24 460815505920
ON 13 5 -1 -1 460815505920
ON 13 5 2 2 460815505920
ON 13 5 3 3 460815505920
ON 13 5 7 7 460815505920
ON 13 5 7 8 460815505920
ON 13 5 11 11 460815505920
ON 13 5 19 18 460815505920
ON 13 5 19 19 460815505920
ON 13 5 19 20 460815505920
ON 13 5 31 23 460815505920
ON 13 5 31 24 460815505920
ON 14 5 -1 -1 460815505920
ON 14 5 2 2 460815505920
ON 14 5 3 3 460815505920
ON 14 5 7 7 460815505920
ON 14 5 7 8 460815505920
ON 14 5 11 11 460815505920
ON 14 5 19 18 460815505920
ON 14 5 19 19 460815505920
ON 14 5 19 20 460815505920
ON 14 5 31 23 460815505920
ON 14 5 31 24 460815505920
ON 15 5 -1 -1 460815505920
ON 15 5 2 2 460815505920
ON 15 5 3 3 460815505920
ON 15 5 7 7 460815505920
ON 15 5 7 8 460815505920
ON 15 5 11 11 460815505920
ON 15 5 19 18 460815505920
ON 15 5 19 19 460815505920
ON 15 5 19 20 460815505920
ON 15 5 31 23 460815505920
ON 15 5 31 24 460815505920
ON 16 5 -1 -1 460815505920
ON 16 5 2 2 460815505920
ON 16 5 3 3 460815505920
ON 16 5 7 7 460815505920
ON 16 5 7 8 460815505920
ON 16 5 11 11 460815505920
ON 16 5 19 18 460815505920
ON 16 5 19 19 460815505920
ON 16 5 19 20 460815505920
ON 16 5 31 23 460815505920
ON 16 5 31 24 460815505920
ON 17 5 -1 -1 460815505920
ON 17 5 2 2 460815505920
ON 17 5 3 3 460815505920
ON 17 5 7 7 460815505920
ON 17 5 7 8 460815505920
ON 17 5 11 11 460815505920
ON 17 5 19 18 460815505920
ON 17 5 19 19 460815505920
ON 17 5 19 20 460815505920
ON 17 5 31 23 460815505920
ON 17 5 31 24 460815505920
ON 18 5 -1 -1 460815505920
ON 18 5 2 2 460815505920
ON 18 5 3 3 460815505920
ON 18 5 7 7 460815505920
ON 18 5 7 8 460815505920
ON 18 5 11 11 460815505920
ON 18 5 19 18 460815505920
ON 18 5 19 19 460815505920
ON 18 5 19 20 460815505920
ON 18 5 31 23 460815505920
ON 18 5 31 24 460815505920
ON 19 5 -1 -1 460815505920
ON 19 5 2 2 460815505920
ON 19 5 3 3 460815505920
ON 19 5 7 7 460815505920
ON 19 5 7 8 460815505920
ON 19 5 11 11 460815505920
ON 19 5 19 18 460815505920
ON 19 5 19 19 460815505920
ON 19 5 19 20 460815505920
ON 19 5 31 23 460815505920
ON 19 5 31 24 460815505920
ON 20 5 -1 -1 460815505920
ON 20 5 2 2 460815505920
ON 20 5 3 3 460815505920
ON 20 5 7 7 460815505920
ON 20 5 7 8 460815505920
ON 20 5 11 11 460815505920
ON 20 5 19 18 460815505920
ON 20 5 19 19 460815505920
ON 20 5 19 20 460815505920
ON 20 5 31 23 460815505920
ON 20 5 31 24 460815505920
ON 21 5 -1 -1 460815505920
ON 21 5 2 2 460815505920
ON 21 5 3 3 460815505920
ON 21 5 7 7 460815505920
ON 21 5 7 8 460815505920
ON 21 5 11 11 460815505920
ON 21 5 19 18 460815505920
ON 21 5 19 19 460815505920
ON 21 5 19 20 460815505920
ON 21 5 31 23 460815505920
ON 21 5 31 24 460815505920
ON 22 5 -1 -1 460815505920
ON 22 5 2 2 460815505920
ON 22 5 3 3 460815505920
ON 22 5 7 7 460815505920
ON 22 5 7 8 460815505920
ON 22 5 11 11 460815505920
ON 22 5 19 18 460815505920
ON 22 5 19 19 460815505920
ON 22 5 19 20 460815505920
ON 22 5 31 23 460815505920
ON 22 5 31 24 460815505920
ON 23 5 -1 -1 460815505920
ON 23 5 2 2 460815505920
ON 23 5 3 3 460815505920
ON 23 5 7 7 460815505920
ON 23 5 7 8 460815505920
ON 23 5 11 11 460815505920
ON 23 5 19 18 460815505920
ON 23 5 19 19 460815505920
ON 23 5 19 20 460815505920
ON 23 5 31 23 460815505920
ON 23 5 31 24 460815505920
ON 24 5 -1 -1 460815505920
ON 24 5 2 2 460815505920
ON 24 5 3 3 460815505920
ON 24 5 7 7 460815505920
ON 24 5 7 8 460815505920
ON 24 5 11 11 460815505920
ON 24 5 19 18 460815505920
ON 24 5 19 19 460815505920
ON 24 5 19 20 460815505920
ON 24 5 31 23 460815505920
ON 24 5 31 24 460815505920
ON 2 7 -1 -1 460815505920
ON 2 7 2 2 460815505920
ON 2 7 3 3 460815505920
ON 2 7 5 6 460815505920
ON 2 7 11 11 460815505920
ON 2 7 19 19 460815505920
ON 2 7 19 20 460815505920
ON 2 7 19 21 460815505920
ON 2 7 31 24 460815505920
ON 2 7 31 25 460815505920
ON 3 7 -1 -1 460815505920
ON 3 7 2 2 460815505920
ON 3 7 3 3 460815505920
ON 3 7 5 6 460815505920
ON 3 7 11 11 460815505920
ON 3 7 19 19 460815505920
ON 3 7 19 20 460815505920
ON 3 7 19 21 460815505920
ON 3 7 31 24 460815505920
ON 3 7 31 25 460815505920
ON 4 7 -1 -1 460815505920
ON 4 7 2 2 460815505920
ON 4 7 3 3 460815505920
ON 4 7 5 6 460815505920
ON 4 7 11 11 460815505920
ON 4 7 19 19 460815505920
ON 4 7 19 20 460815505920
ON 4 7 19 21 460815505920
ON 4 7 31 24 460815505920
ON 4 7 31 25 460815505920
ON 5 7 -1 -1 460815505920
ON 5 7 2 2 460815505920
ON 5 7 3 3 460815505920
ON 5 7 5 6 460815505920
ON 5 7 11 11 460815505920
ON 5 7 19 19 460815505920
ON 5 7 19 20 460815505920
ON 5 7 19 21 460815505920
ON 5 7 31 24 460815505920
ON 5 7 31 25 460815505920
ON 6 7 -1 -1 460815505920
ON 6 7 2 2 460815505920
ON 6 7 3 3 460815505920
ON 6 7 5 6 460815505920
ON 6 7 11 11 460815505920
ON 6 7 19 19 460815505920
ON 6 7 19 20 460815505920
ON 6 7 19 21 460815505920
ON 6 7 31 24 460815505920
ON 6 7 31 25 460815505920
ON 7 7 -1 -1 460815505920
ON 7 7 2 2 460815505920
ON 7 7 3 3 460815505920
ON 7 7 5 6 460815505920
ON 7 7 11 11 460815505920
ON 7 7 19 19 460815505920
ON 7 7 19 20 460815505920
ON 7 7 19 21 460815505920
ON 7 7 31 24 460815505920
ON 7 7 31 25 460815505920
ON 8 7 -1 -1 460815505920
ON 8 7 2 2 460815505920
ON 8 7 3 3 460815505920
ON 8 7 5 6 460815505920
ON 8 7 11 11 460815505920
ON 8 7 19 19 460815505920
ON 8 7 19 20 460815505920
ON 8 7 19 21 460815505920
ON 8 7 31 24 460815505920
ON 8 7 31 25 460815505920
ON 9 7 -1 -1 460815505920
ON 9 7 2 2 460815505920
ON 9 7 3 3 460815505920
ON 9 7 5 6 460815505920
ON 9 7 11 11 460815505920
ON 9 7 19 19 460815505920
ON 9 7 19 20 460815505920
ON 9 7 19 21 460815505920
ON 9 7 31 24 460815505920
ON 9 7 31 25 460815505920
ON 10 7 -1 -1 460815505920
ON 10 7 2 2 460815505920
ON 10 7 3 3 460815505920
ON 10 7 5 6 460815505920
ON 10 7 11 11 460815505920
ON 10 7 19 19 460815505920
ON 10 7 19 20 460815505920
ON 10 7 19 21 460815505920
ON 10 7 31 24 460815505920
ON 10 7 31 25 460815505920
ON 11 7 -1 -1 460815505920
ON 11 7 2 2 460815505920
ON 11 7 3 3 460815505920
ON 11 7 5 6 460815505920
ON 11 7 11 11 460815505920
ON 11 7 19 19 460815505920
ON 11 7 19 20 460815505920
ON 11 7 19 21 460815505920
ON 11 7 31 24 460815505920
ON 11 7 31 25 460815505920
ON 12 7 -1 -1 460815505920
ON 12 7 2 2 460815505920
ON 12 7 3 3 460815505920
ON 12 7 5 6 460815505920
ON 12 7 11 11 460815505920
ON 12 7 19 19 460815505920
ON 12 7 19 20 460815505920
ON 12 7 19 21 460815505920
ON 12 7 31 24 460815505920
ON 12 7 31 25 460815505920
ON 13 7 -1 -1 460815505920
ON 13 7 2 2 460815505920
ON 13 7 3 3 460815505920
ON 13 7 5 6 460815505920
ON 13 7 11 11 460815505920
ON 13 7 19 19 460815505920
ON 13 7 19 20 460815505920
ON 13 7 19 21 460815505920
ON 13 7 31 24 460815505920
ON 13 7 31 25 460815505920
ON 14 7 -1 -1 460815505920
ON 14 7 2 2 460815505920
ON 14 7 3 3 460815505920
ON 14 7 5 6 460815505920
ON 14 7 11 11 460815505920
ON 14 7 19 19 460815505920
ON 14 7 19 20 460815505920
ON 14 7 19 21 460815505920
ON 14 7 31 24 460815505920
ON 14 7 31 25 460815505920
ON 15 7 -1 -1 460815505920
ON 15 7 2 2 460815505920
ON 15 7 3 3 460815505920
ON 15 7 5 6 460815505920
ON 15 7 11 11 460815505920
ON 15 7 19 19 460815505920
ON 15 7 19 20 460815505920
ON 15 7 19 21 460815505920
ON 15 7 31 24 460815505920
ON 15 7 31 25 460815505920
ON 16 7 -1 -1 460815505920
ON 16 7 2 2 460815505920
ON 16 7 3 3 460815505920
ON 16 7 5 6 460815505920
ON 16 7 11 11 460815505920
ON 16 7 19 19 460815505920
ON 16 7 19 20 460815505920
ON 16 7 19 21 460815505920
ON 16 7 31 24 460815505920
ON 16 7 31 25 460815505920
ON 17 7 -1 -1 460815505920
ON 17 7 2 2 460815505920
ON 17 7 3 3 460815505920
ON 17 7 5 6 460815505920
ON 17 7 11 11 460815505920
ON 17 7 19 19 460815505920
ON 17 7 19 20 460815505920
ON 17 7 19 21 460815505920
ON 17 7 31 24 460815505920
ON 17 7 31 25 460815505920
ON 18 7 -1 -1 460815505920
ON 18 7 2 2 460815505920
ON 18 7 3 3 460815505920
ON 18 7 5 6 460815505920
ON 18 7 11 11 460815505920
ON 18 7 19 19 460815505920
ON 18 7 19 20 460815505920
ON 18 7 19 21 460815505920
ON 18 7 31 24 460815505920
ON 18 7 31 25 460815505920
ON 19 7 -1 -1 460815505920
ON 19 7 2 2 460815505920
ON 19 7 3 3 460815505920
ON 19 7 5 6 460815505920
ON 19 7 11 11 460815505920
ON 19 7 19 19 460815505920
ON 19 7 19 20 460815505920
ON 19 7 19 21 460815505920
ON 19 7 31 24 460815505920
ON 19 7 31 25 460815505920
ON 20 7 -1 -1 460815505920
ON 20 7 2 2 460815505920
ON 20 7 3 3 460815505920
ON 20 7 5 6 460815505920
ON 20 7 11 11 460815505920
ON 20 7 19 19 460815505920
ON 20 7 19 20 460815505920
ON 20 7 19 21 460815505920
ON 20 7 31 24 460815505920
ON 20 7 31 25 460815505920
ON 21 7 -1 -1 460815505920
ON 21 7 2 2 460815505920
ON 21 7 3 3 460815505920
ON 21 7 5 6 460815505920
ON 21 7 11 11 460815505920
ON 21 7 19 19 460815505920
ON 21 7 19 20 460815505920
ON 21 7 19 21 460815505920
ON 21 7 31 24 460815505920
ON 21 7 31 25 460815505920
ON 22 7 -1 -1 460815505920
ON 22 7 2 2 460815505920
ON 22 7 3 3 460815505920
ON 22 7 5 6 460815505920
ON 22 7 11 11 460815505920
ON 22 7 19 19 460815505920
ON 22 7 19 20 460815505920
ON 22 7 19 21 460815505920
ON 22 7 31 24 460815505920
ON 22 7 31 25 460815505920
ON 23 7 -1 -1 460815505920
ON 23 7 2 2 460815505920
ON 23 7 3 3 460815505920
ON 23 7 5 6 460815505920
ON 23 7 11 11 460815505920
ON 23 7 19 19 460815505920
ON 23 7 19 20 460815505920
ON 23 7 19 21 460815505920
ON 23 7 31 24 460815505920
ON 23 7 31 25 460815505920
ON 24 7 -1 -1 460815505920
ON 24 7 2 2 460815505920
ON 24 7 3 3 460815505920
ON 24 7 5 6 460815505920
ON 24 7 11 11 460815505920
ON 24 7 19 19 460815505920
ON 24 7 19 20 460815505920
ON 24 7 19 21 460815505920
ON 24 7 31 24 460815505920
ON 24 7 31 25 460815505920
ON 25 7 -1 -1 460815505920
ON 25 7 2 2 460815505920
ON 25 7 3 3 460815505920
ON 25 7 5 6 460815505920
ON 25 7 11 11 460815505920
ON 25 7 19 19 460815505920
ON 25 7 19 20 460815505920
ON 25 7 19 21 460815505920
ON 25 7 31 24 460815505920
ON 25 7 31 25 460815505920
ON 2 11 -1 -1 460815505920
ON 2 11 2 2 460815505920
ON 2 11 3 3 460815505920
ON 2 11 5 6 460815505920
ON 2 11 7 8 460815505920
ON 2 11 7 9 460815505920
ON 2 11 19 21 460815505920
ON 2 11 19 22 460815505920
ON 2 11 19 23 460815505920
ON 2 11 31 28 460815505920
ON 2 11 31 29 460815505920
ON 3 11 -1 -1 460815505920
ON 3 11 2 2 460815505920
ON 3 11 3 3 460815505920
ON 3 11 5 6 460815505920
ON 3 11 7 8 460815505920
ON 3 11 7 9 460815505920
ON 3 11 19 21 460815505920
ON 3 11 19 22 460815505920
ON 3 11 19 23 460815505920
ON 3 11 31 28 460815505920
ON 3 11 31 29 460815505920
ON 4 11 -1 -1 460815505920
ON 4 11 2 2 460815505920
ON 4 11 3 3 460815505920
ON 4 11 5 6 460815505920
ON 4 11 7 8 460815505920
ON 4 11 7 9 460815505920
ON 4 11 19 21 460815505920
ON 4 11 19 22 460815505920
ON 4 11 19 23 460815505920
ON 4 11 31 28 460815505920
ON 4 11 31 29 460815505920
ON 5 11 -1 -1 460815505920
ON 5 11 2 2 460815505920
ON 5 11 3 3 460815505920
ON 5 11 5 6 460815505920
ON 5 11 7 8 460815505920
ON 5 11 7 9 460815505920
ON 5 11 19 21 460815505920
ON 5 11 19 22 460815505920
ON 5 11 19 23 460815505920
ON 5 11 31 28 460815505920
ON 5 11 31 29 460815505920
ON 6 11 -1 -1 460815505920
ON 6 11 2 2 460815505920
ON 6 11 3 3 460815505920
ON 6 11 5 6 460815505920
ON 6 11 7 8 460815505920
ON 6 11 7 9 460815505920
ON 6 11 19 21 460815505920
ON 6 11 19 22 460815505920
ON 6 11 19 23 460815505920
ON 6 11 31 28 460815505920
ON 6 11 31 29 460815505920
ON 7 11 -1 -1 460815505920
ON 7 11 2 2 460815505920
ON 7 11 3 3 460815505920
ON 7 11 5 6 460815505920
ON 7 11 7 8 460815505920
ON 7 11 7 9 460815505920
ON 7 11 19 21 460815505920
ON 7 11 19 22 460815505920
ON 7 11 19 23 460815505920
ON 7 11 31 28 460815505920
ON 7 11 31 29 460815505920
ON 8 11 -1 -1 460815505920
ON 8 11 2 2 460815505920
ON 8 11 3 3 460815505920
ON 8 11 5 6 460815505920
ON 8 11 7 8 460815505920
ON 8 11 7 9 460815505920
ON 8 11 19 21 460815505920
ON 8 11 19 22 460815505920
ON 8 11 19 23 460815505920
ON 8 11 31 28 460815505920
ON 8 11 31 29 460815505920
ON 9 11 -1 -1 460815505920
ON 9 11 2 2 460815505920
ON 9 11 3 3 460815505920
ON 9 11 5 6 460815505920
ON 9 11 7 8 460815505920
ON 9 11 7 9 460815505920
ON 9 11 19 21 460815505920
ON 9 11 19 22 460815505920
ON 9 11 19 23 460815505920
ON 9 11 31 28 460815505920
ON 9 11 31 29 460815505920
ON 10 11 -1 -1 460815505920
ON 10 11 2 2 460815505920
ON 10 11 3 3 460815505920
ON 10 11 5 6 460815505920
ON 10 11 7 8 460815505920
ON 10 11 7 9 460815505920
ON 10 11 19 21 460815505920
ON 10 11 19 22 460815505920
ON 10 11 19 23 460815505920
ON 10 11 31 28 460815505920
ON 10 11 31 29 460815505920
ON 11 11 -1 -1 460815505920
ON 11 11 2 2 460815505920
ON 11 11 3 3 460815505920
ON 11 11 5 6 460815505920
ON 11 11 7 8 460815505920
ON 11 11 7 9 460815505920
ON 11 11 19 21 460815505920
ON 11 11 19 22 460815505920
ON 11 11 19 23 460815505920
ON 11 11 31 28 460815505920
ON 11 11 31 29 460815505920
ON 12 11 -1 -1 460815505920
ON 12 11 2 2 460815505920
ON 12 11 3 3 460815505920
ON 12 11 5 6 460815505920
ON 12 11 7 8 460815505920
ON 12 11 7 9 460815505920
ON 12 11 19 21 460815505920
ON 12 11 19 22 460815505920
ON 12 11 19 23 460815505920
ON 12 11 31 28 460815505920
ON 12 11 31 29 460815505920
ON 13 11 -1 -1 460815505920
ON 13 11 2 2 460815505920
ON 13 11 3 3 460815505920
ON 13 11 5 6 460815505920
ON 13 11 7 8 460815505920
ON 13 11 7 9 460815505920
ON 13 11 19 21 460815505920
ON 13 11 19 22 460815505920
ON 13 11 19 23 460815505920
ON 13 11 31 28 460815505920
ON 13 11 31 29 460815505920
ON 14 11 -1 -1 460815505920
ON 14 11 2 2 460815505920
ON 14 11 3 3 460815505920
ON 14 11 5 6 460815505920
ON 14 11 7 8 460815505920
ON 14 11 7 9 460815505920
ON 14 11 19 21 460815505920
ON 14 11 19 22 460815505920
ON 14 11 19 23 460815505920
ON 14 11 31 28 460815505920
ON 14 11 31 29 460815505920
ON 15 11 -1 -1 460815505920
ON 15 11 2 2 460815505920
ON 15 11 3 3 460815505920
ON 15 11 5 6 460815505920
ON 15 11 7 8 460815505920
ON 15 11 7 9 460815505920
ON 15 11 19 21 460815505920
ON 15 11 19 22 460815505920
ON 15 11 19 23 460815505920
ON 15 11 31 28 460815505920
ON 15 11 31 29 460815505920
ON 16 11 -1 -1 460815505920
ON 16 11 2 2 460815505920
ON 16 11 3 3 460815505920
ON 16 11 5 6 460815505920
ON 16 11 7 8 460815505920
ON 16 11 7 9 460815505920
ON 16 11 19 21 460815505920
ON 16 11 19 22 460815505920
ON 16 11 19 23 460815505920
ON 16 11 31 28 460815505920
ON 16 11 31 29 460815505920
ON 17 11 -1 -1 460815505920
ON 17 11 2 2 460815505920
ON 17 11 3 3 460815505920
ON 17 11 5 6 460815505920
ON 17 11 7 8 460815505920
ON 17 11 7 9 460815505920
ON 17 11 19 21 460815505920
ON 17 11 19 22 460815505920
ON 17 11 19 23 460815505920
ON 17 11 31 28 460815505920
ON 17 11 31 29 460815505920
ON 18 11 -1 -1 460815505920
ON 18 11 2 2 460815505920
ON 18 11 3 3 460815505920
ON 18 11 5 6 460815505920
ON 18 11 7 8 460815505920
ON 18 11 7 9 460815505920
ON 18 11 19 21 460815505920
ON 18 11 19 22 460815505920
ON 18 11 19 23 460815505920
ON 18 11 31 28 460815505920
ON 18 11 31 29 460815505920
ON 19 11 -1 -1 460815505920
ON 19 11 2 2 460815505920
ON 19 11 3 3 460815505920
ON 19 11 5 6 460815505920
ON 19 11 7 8 460815505920
ON 19 11 7 9 460815505920
ON 19 11 19 21 460815505920
ON 19 11 19 22 460815505920
ON 19 11 19 23 460815505920
ON 19 11 31 28 460815505920
ON 19 11 31 29 460815505920
ON 20 11 -1 -1 460815505920
ON 20 11 2 2 460815505920
ON 20 11 3 3 460815505920
ON 20 11 5 6 460815505920
ON 20 11 7 8 460815505920
ON 20 11 7 9 460815505920
ON 20 11 19 21 460815505920
ON 20 11 19 22 460815505920
ON 20 11 19 23 460815505920
ON 20 11 31 28 460815505920
ON 20 11 31 29 460815505920
ON 21 11 -1 -1 460815505920
ON 21 11 2 2 460815505920
ON 21 11 3 3 460815505920
ON 21 11 5 6 460815505920
ON 21 11 7 8 460815505920
ON 21 11 7 9 460815505920
ON 21 11 19 21 460815505920
ON 21 11 19 22 460815505920
ON 21 11 19 23 460815505920
ON 21 11 31 28 460815505920
ON 21 11 31 29 460815505920
ON 22 11 -1 -1 460815505920
ON 22 11 2 2 460815505920
ON 22 11 3 3 460815505920
ON 22 11 5 6 460815505920
ON 22 11 7 8 460815505920
ON 22 11 7 9 460815505920
ON 22 11 19 21 460815505920
ON 22 11 19 22 460815505920
ON 22 11 19 23 460815505920
ON 22 11 31 28 460815505920
ON 22 11 31 29 460815505920
ON 23 11 -1 -1 460815505920
ON 23 11 2 2 460815505920
ON 23 11 3 3 460815505920
ON 23 11 5 6 460815505920
ON 23 11 7 8 460815505920
ON 23 11 7 9 460815505920
ON 23 11 19 21 460815505920
ON 23 11 19 22 460815505920
ON 23 11 19 23 460815505920
ON 23 11 31 28 460815505920
ON 23 11 31 29 460815505920
ON 24 11 -1 -1 460815505920
ON 24 11 2 2 460815505920
ON 24 11 3 3 460815505920
ON 24 11 5 6 460815505920
ON 24 11 7 8 460815505920
ON 24 11 7 9 460815505920
ON 24 11 19 21 460815505920
ON 24 11 19 22 460815505920
ON 24 11 19 23 460815505920
ON 24 11 31 28 460815505920
ON 24 11 31 29 460815505920
ON 25 11 -1 -1 460815505920
ON 25 11 2 2 460815505920
ON 25 11 3 3 460815505920
ON 25 11 5 6 460815505920
ON 25 11 7 8 460815505920
ON 25 11 7 9 460815505920
ON 25 11 19 21 460815505920
ON 25 11 19 22 460815505920
ON 25 11 19 23 460815505920
ON 25 11 31 28 460815505920
ON 25 11 31 29 460815505920
ON 26 11 -1 -1 460815505920
ON 26 11 2 2 460815505920
ON 26 11 3 3 460815505920
ON 26 11 5 6 460815505920
ON 26 11 7 8 460815505920
ON 26 11 7 9 460815505920
ON 26 11 19 21 460815505920
ON 26 11 19 22 460815505920
ON 26 11 19 23 460815505920
ON 26 11 31 28 460815505920
ON 26 11 31 29 460815505920
ON 27 11 -1 -1 460815505920
ON 27 11 2 2 460815505920
ON 27 11 3 3 460815505920
ON 27 11 5 6 460815505920
ON 27 11 7 8 460815505920
ON 27 11 7 9 460815505920
ON 27 11 19 21 460815505920
ON 27 11 19 22 460815505920
ON 27 11 19 23 460815505920
ON 27 11 31 28 460815505920
ON 27 11 31 29 460815505920
ON 28 11 -1 -1 460815505920
ON 28 11 2 2 460815505920
ON 28 11 3 3 460815505920
ON 28 11 5 6 460815505920
ON 28 11 7 8 460815505920
ON 28 11 7 9 460815505920
ON 28 11 19 21 460815505920
ON 28 11 19 22 460815505920
ON 28 11 19 23 460815505920
ON 28 11 31 28 460815505920
ON 28 11 31 29 460815505920
ON 29 11 -1 -1 460815505920
ON 29 11 2 2 460815505920
ON 29 11 3 3 460815505920
ON 29 11 5 6 460815505920
ON 29 11 7 8 460815505920
ON 29 11 7 9 460815505920
ON 29 11 19 21 460815505920
ON 29 11 19 22 460815505920
ON 29 11 19 23 460815505920
ON 29 11 31 28 460815505920
ON 29 11 31 29 460815505920
ON 2 19 -1 -1 460815505920
ON 2 19 2 2 460815505920
ON 2 19 3 3 460815505920
ON 2 19 5 6 460815505920
ON 2 19 7 8 460815505920
ON 2 19 7 9 460815505920
ON 2 19 11 13 460815505920
ON 2 19 31 26 460815505920
ON 2 19 31 27 460815505920
ON 3 19 -1 -1 460815505920
ON 3 19 2 2 460815505920
ON 3 19 3 3 460815505920
ON 3 19 5 6 460815505920
ON 3 19 7 8 460815505920
ON 3 19 7 9 460815505920
ON 3 19 11 13 460815505920
ON 3 19 31 26 460815505920
ON 3 19 31 27 460815505920
ON 4 19 -1 -1 460815505920
ON 4 19 2 2 460815505920
ON 4 19 3 3 460815505920
ON 4 19 5 6 460815505920
ON 4 19 7 8 460815505920
ON 4 19 7 9 460815505920
ON 4 19 11 13 460815505920
ON 4 19 31 26 460815505920
ON 4 19 31 27 460815505920
ON 5 19 -1 -1 460815505920
ON 5 19 2 2 460815505920
ON 5 19 3 3 460815505920
ON 5 19 5 6 460815505920
ON 5 19 7 8 460815505920
ON 5 19 7 9 460815505920
ON 5 19 11 13 460815505920
ON 5 19 31 26 460815505920
ON 5 19 31 27 460815505920
ON 6 19 -1 -1 460815505920
ON 6 19 2 2 460815505920
ON 6 19 3 3 460815505920
ON 6 19 5 6 460815505920
ON 6 19 7 8 460815505920
ON 6 19 7 9 460815505920
ON 6 19 11 13 460815505920
ON 6 19 31 26 460815505920
ON 6 19 31 27 460815505920
ON 7 19 -1 -1 460815505920
ON 7 19 2 2 460815505920
ON 7 19 3 3 460815505920
ON 7 19 5 6 460815505920
ON 7 19 7 8 460815505920
ON 7 19 7 9 460815505920
ON 7 19 11 13 460815505920
ON 7 19 31 26 460815505920
ON 7 19 31 27 460815505920
ON 8 19 -1 -1 460815505920
ON 8 19 2 2 460815505920
ON 8 19 3 3 460815505920
ON 8 19 5 6 460815505920
ON 8 19 7 8 460815505920
ON 8 19 7 9 460815505920
ON 8 19 11 13 460815505920
ON 8 19 31 26 460815505920
ON 8 19 31 27 460815505920
ON 9 19 -1 -1 460815505920
ON 9 19 2 2 460815505920
ON 9 19 3 3 460815505920
ON 9 19 5 6 460815505920
ON 9 19 7 8 460815505920
ON 9 19 7 9 460815505920
ON 9 19 11 13 460815505920
ON 9 19 31 26 460815505920
ON 9 19 31 27 460815505920
ON 10 19 -1 -1 460815505920
ON 10 19 2 2 460815505920
ON 10 19 3 3 460815505920
ON 10 19 5 6 460815505920
ON 10 19 7 8 460815505920
ON 10 19 7 9 460815505920
ON 10 19 11 13 460815505920
ON 10 19 31 26 460815505920
ON 10 19 31 27 460815505920
ON 11 19 -1 -1 460815505920
ON 11 19 2 2 460815505920
ON 11 19 3 3 460815505920
ON 11 19 5 6 460815505920
ON 11 19 7 8 460815505920
ON 11 19 7 9 460815505920
ON 11 19 11 13 460815505920
ON 11 19 31 26 460815505920
ON 11 19 31 27 460815505920
ON 12 19 -1 -1 460815505920
ON 12 19 2 2 460815505920
ON 12 19 3 3 460815505920
ON 12 19 5 6 460815505920
ON 12 19 7 8 460815505920
ON 12 19 7 9 460815505920
ON 12 19 11 13 460815505920
ON 12 19 31 26 460815505920
ON 12 19 31 27 460815505920
ON 13 19 -1 -1 460815505920
ON 13 19 2 2 460815505920
ON 13 19 3 3 460815505920
ON 13 19 5 6 460815505920
ON 13 19 7 8 460815505920
ON 13 19 7 9 460815505920
ON 13 19 11 13 460815505920
ON 13 19 31 26 460815505920
ON 13 19 31 27 460815505920
ON 14 19 -1 -1 460815505920
ON 14 19 2 2 460815505920
ON 14 19 3 3 460815505920
ON 14 19 5 6 460815505920
ON 14 19 7 8 460815505920
ON 14 19 7 9 460815505920
ON 14 19 11 13 460815505920
ON 14 19 31 26 460815505920
ON 14 19 31 27 460815505920
ON 15 19 -1 -1 460815505920
ON 15 19 2 2 460815505920
ON 15 19 3 3 460815505920
ON 15 19 5 6 460815505920
ON 15 19 7 8 460815505920
ON 15 19 7 9 460815505920
ON 15 19 11 13 460815505920
ON 15 19 31 26 460815505920
ON 15 19 31 27 460815505920
ON 16 19 -1 -1 460815505920
ON 16 19 2 2 460815505920
ON 16 19 3 3 460815505920
ON 16 19 5 6 460815505920
ON 16 19 7 8 460815505920
ON 16 19 7 9 460815505920
ON 16 19 11 13 460815505920
ON 16 19 31 26 460815505920
ON 16 19 31 27 460815505920
ON 17 19 -1 -1 460815505920
ON 17 19 2 2 460815505920
ON 17 19 3 3 460815505920
ON 17 19 5 6 460815505920
ON 17 19 7 8 460815505920
ON 17 19 7 9 460815505920
ON 17 19 11 13 460815505920
ON 17 19 31 26 460815505920
ON 17 19 31 27 460815505920
ON 18 19 -1 -1 460815505920
ON 18 19 2 2 460815505920
ON 18 19 3 3 460815505920
ON 18 19 5 6 460815505920
ON 18 19 7 8 460815505920
ON 18 19 7 9 460815505920
ON 18 19 11 13 460815505920
ON 18 19 31 26 460815505920
ON 18 19 31 27 460815505920
ON 19 19 -1 -1 460815505920
ON 19 19 2 2 460815505920
ON 19 19 3 3 460815505920
ON 19 19 5 6 460815505920
ON 19 19 7 8 460815505920
ON 19 19 7 9 460815505920
ON 19 19 11 13 460815505920
ON 19 19 31 26 460815505920
ON 19 19 31 27 460815505920
ON 20 19 -1 -1 460815505920
ON 20 19 2 2 460815505920
ON 20 19 3 3 460815505920
ON 20 19 5 6 460815505920
ON 20 19 7 8 460815505920
ON 20 19 7 9 460815505920
ON 20 19 11 13 460815505920
ON 20 19 31 26 460815505920
ON 20 19 31 27 460815505920
ON 21 19 -1 -1 460815505920
ON 21 19 2 2 460815505920
ON 21 19 3 3 460815505920
ON 21 19 5 6 460815505920
ON 21 19 7 8 460815505920
ON 21 19 7 9 460815505920
ON 21 19 11 13 460815505920
ON 21 19 31 26 460815505920
ON 21 19 31 27 460815505920
ON 22 19 -1 -1 460815505920
ON 22 19 2 2 460815505920
ON 22 19 3 3 460815505920
ON 22 19 5 6 460815505920
ON 22 19 7 8 460815505920
ON 22 19 7 9 460815505920
ON 22 19 11 13 460815505920
ON 22 19 31 26 460815505920
ON 22 19 31 27 460815505920
ON 23 19 -1 -1 460815505920
ON 23 19 2 2 460815505920
ON 23 19 3 3 460815505920
ON 23 19 5 6 460815505920
ON 23 19 7 8 460815505920
ON 23 19 7 9 460815505920
ON 23 19 11 13 460815505920
ON 23 19 31 26 460815505920
ON 23 19 31 27 460815505920
ON 24 19 -1 -1 460815505920
ON 24 19 2 2 460815505920
ON 24 19 3 3 460815505920
ON 24 19 5 6 460815505920
ON 24 19 7 8 460815505920
ON 24 19 7 9 460815505920
ON 24 19 11 13 460815505920
ON 24 19 31 26 460815505920
ON 24 19 31 27 460815505920
ON 25 19 -1 -1 460815505920
ON 25 19 2 2 460815505920
ON 25 19 3 3 460815505920
ON 25 19 5 6 460815505920
ON 25 19 7 8 460815505920
ON 25 19 7 9 460815505920
ON 25 19 11 13 460815505920
ON 25 19 31 26 460815505920
ON 25 19 31 27 460815505920
ON 26 19 -1 -1 460815505920
ON 26 19 2 2 460815505920
ON 26 19 3 3 460815505920
ON 26 19 5 6 460815505920
ON 26 19 7 8 460815505920
ON 26 19 7 9 460815505920
ON 26 19 11 13 460815505920
ON 26 19 31 26 460815505920
ON 26 19 31 27 460815505920
ON 27 19 -1 -1 460815505920
ON 27 19 2 2 460815505920
ON 27 19 3 3 460815505920
ON 27 19 5 6 460815505920
ON 27 19 7 8 460815505920
ON 27 19 7 9 460815505920
ON 27 19 11 13 460815505920
ON 27 19 31 26 460815505920
ON 27 19 31 27 460815505920
ON 2 31 -1 -1 460815505920
ON 2 31 2 2 460815505920
ON 2 31 3 3 460815505920
ON 2 31 5 6 460815505920
ON 2 31 7 8 460815505920
ON 2 31 7 9 460815505920
ON 2 31 11 13 460815505920
ON 2 31 19 22 460815505920
ON 2 31 19 23 460815505920
ON 2 31 19 24 460815505920
ON 3 31 -1 -1 460815505920
ON 3 31 2 2 460815505920
ON 3 31 3 3 460815505920
ON 3 31 5 6 460815505920
ON 3 31 7 8 460815505920
ON 3 31 7 9 460815505920
ON 3 31 11 13 460815505920
ON 3 31 19 22 460815505920
ON 3 31 19 23 460815505920
ON 3 31 19 24 460815505920
ON 4 31 -1 -1 460815505920
ON 4 31 2 2 460815505920
ON 4 31 3 3 460815505920
ON 4 31 5 6 460815505920
ON 4 31 7 8 460815505920
ON 4 31 7 9 460815505920
ON 4 31 11 13 460815505920
ON 4 31 19 22 460815505920
ON 4 31 19 23 460815505920
ON 4 31 19 24 460815505920
ON 5 31 -1 -1 460815505920
ON 5 31 2 2 460815505920
ON 5 31 3 3 460815505920
ON 5 31 5 6 460815505920
ON 5 31 7 8 460815505920
ON 5 31 7 9 460815505920
ON 5 31 11 13 460815505920
ON 5 31 19 22 460815505920
ON 5 31 19 23 460815505920
ON 5 31 19 24 460815505920
ON 6 31 -1 -1 460815505920
ON 6 31 2 2 460815505920
ON 6 31 3 3 460815505920
ON 6 31 5 6 460815505920
ON 6 31 7 8 460815505920
ON 6 31 7 9 460815505920
ON 6 31 11 13 460815505920
ON 6 31 19 22 460815505920
ON 6 31 19 23 460815505920
ON 6 31 19 24 460815505920
ON 7 31 -1 -1 460815505920
ON 7 31 2 2 460815505920
ON 7 31 3 3 460815505920
ON 7 31 5 6 460815505920
ON 7 31 7 8 460815505920
ON 7 31 7 9 460815505920
ON 7 31 11 13 460815505920
ON 7 31 19 22 460815505920
ON 7 31 19 23 460815505920
ON 7 31 19 24 460815505920
ON 8 31 -1 -1 460815505920
ON 8 31 2 2 460815505920
ON 8 31 3 3 460815505920
ON 8 31 5 6 460815505920
ON 8 31 7 8 460815505920
ON 8 31 7 9 460815505920
ON 8 31 11 13 460815505920
ON 8 31 19 22 460815505920
ON 8 31 19 23 460815505920
ON 8 31 19 24 460815505920
ON 9 31 -1 -1 460815505920
ON 9 31 2 2 460815505920
ON 9 31 3 3 460815505920
ON 9 31 5 6 460815505920
ON 9 31 7 8 460815505920
ON 9 31 7 9 460815505920
ON 9 31 11 13 460815505920
ON 9 31 19 22 460815505920
ON 9 31 19 23 460815505920
ON 9 31 19 24 460815505920
ON 10 31 -1 -1 460815505920
ON 10 31 2 2 460815505920
ON 10 31 3 3 460815505920
ON 10 31 5 6 460815505920
ON 10 31 7 8 460815505920
ON 10 31 7 9 460815505920
ON 10 31 11 13 460815505920
ON 10 31 19 22 460815505920
ON 10 31 19 23 460815505920
ON 10 31 19 24 460815505920
ON 11 31 -1 -1 460815505920
ON 11 31 2 2 460815505920
ON 11 31 3 3 460815505920
ON 11 31 5 6 460815505920
ON 11 31 7 8 460815505920
ON 11 31 7 9 460815505920
ON 11 31 11 13 460815505920
ON 11 31 19 22 460815505920
ON 11 31 19 23 460815505920
ON 11 31 19 24 460815505920
ON 12 31 -1 -1 460815505920
ON 12 31 2 2 460815505920
ON 12 31 3 3 460815505920
ON 12 31 5 6 460815505920
ON 12 31 7 8 460815505920
ON 12 31 7 9 460815505920
ON 12 31 11 13 460815505920
ON 12 31 19 22 460815505920
ON 12 31 19 23 460815505920
ON 12 31 19 24 460815505920
ON 13 31 -1 -1 460815505920
ON 13 31 2 2 460815505920
ON 13 31 3 3 460815505920
ON 13 31 5 6 460815505920
ON 13 31 7 8 460815505920
ON 13 31 7 9 460815505920
ON 13 31 11 13 460815505920
ON 13 31 19 22 460815505920
ON 13 31 19 23 460815505920
ON 13 31 19 24 460815505920
ON 14 31 -1 -1 460815505920
ON 14 31 2 2 460815505920
ON 14 31 3 3 460815505920
ON 14 31 5 6 460815505920
ON 14 31 7 8 460815505920
ON 14 31 7 9 460815505920
ON 14 31 11 13 460815505920
ON 14 31 19 22 460815505920
ON 14 31 19 23 460815505920
ON 14 31 19 24 460815505920
ON 15 31 -1 -1 460815505920
ON 15 31 2 2 460815505920
ON 15 31 3 3 460815505920
ON 15 31 5 6 460815505920
ON 15 31 7 8 460815505920
ON 15 31 7 9 460815505920
ON 15 31 11 13 460815505920
ON 15 31 19 22 460815505920
ON 15 31 19 23 460815505920
ON 15 31 19 24 460815505920
ON 16 31 -1 -1 460815505920
ON 16 31 2 2 460815505920
ON 16 31 3 3 460815505920
ON 16 31 5 6 460815505920
ON 16 31 7 8 460815505920
ON 16 31 7 9 460815505920
ON 16 31 11 13 460815505920
ON 16 31 19 22 460815505920
ON 16 31 19 23 460815505920
ON 16 31 19 24 460815505920
ON 17 31 -1 -1 460815505920
ON 17 31 2 2 460815505920
ON 17 31 3 3 460815505920
ON 17 31 5 6 460815505920
ON 17 31 7 8 460815505920
ON 17 31 7 9 460815505920
ON 17 31 11 13 460815505920
ON 17 31 19 22 460815505920
ON 17 31 19 23 460815505920
ON 17 31 19 24 460815505920
ON 18 31 -1 -1 460815505920
ON 18 31 2 2 460815505920
ON 18 31 3 3 460815505920
ON 18 31 5 6 460815505920
ON 18 31 7 8 460815505920
ON 18 31 7 9 460815505920
ON 18 31 11 13 460815505920
ON 18 31 19 22 460815505920
ON 18 31 19 23 460815505920
ON 18 31 19 24 460815505920
ON 19 31 -1 -1 460815505920
ON 19 31 2 2 460815505920
ON 19 31 3 3 460815505920
ON 19 31 5 6 460815505920
ON 19 31 7 8 460815505920
ON 19 31 7 9 460815505920
ON 19 31 11 13 460815505920
ON 19 31 19 22 460815505920
ON 19 31 19 23 460815505920
ON 19 31 19 24 460815505920
ON 20 31 -1 -1 460815505920
ON 20 31 2 2 460815505920
ON 20 31 3 3 460815505920
ON 20 31 5 6 460815505920
ON 20 31 7 8 460815505920
ON 20 31 7 9 460815505920
ON 20 31 11 13 460815505920
ON 20 31 19 22 460815505920
ON 20 31 19 23 460815505920
ON 20 31 19 24 460815505920
ON 21 31 -1 -1 460815505920
ON 21 31 2 2 460815505920
ON 21 31 3 3 460815505920
ON 21 31 5 6 460815505920
ON 21 31 7 8 460815505920
ON 21 31 7 9 460815505920
ON 21 31 11 13 460815505920
ON 21 31 19 22 460815505920
ON 21 31 19 23 460815505920
ON 21 31 19 24 460815505920
ON 22 31 -1 -1 460815505920
ON 22 31 2 2 460815505920
ON 22 31 3 3 460815505920
ON 22 31 5 6 460815505920
ON 22 31 7 8 460815505920
ON 22 31 7 9 460815505920
ON 22 31 11 13 460815505920
ON 22 31 19 22 460815505920
ON 22 31 19 23 460815505920
ON 22 31 19 24 460815505920
ON 23 31 -1 -1 460815505920
ON 23 31 2 2 460815505920
ON 23 31 3 3 460815505920
ON 23 31 5 6 460815505920
ON 23 31 7 8 460815505920
ON 23 31 7 9 460815505920
ON 23 31 11 13 460815505920
ON 23 31 19 22 460815505920
ON 23 31 19 23 460815505920
ON 23 31 19 24 460815505920
ON 24 31 -1 -1 460815505920
ON 24 31 2 2 460815505920
ON 24 31 3 3 460815505920
ON 24 31 5 6 460815505920
ON 24 31 7 8 460815505920
ON 24 31 7 9 460815505920
ON 24 31 11 13 460815505920
ON 24 31 19 22 460815505920
ON 24 31 19 23 460815505920
ON 24 31 19 24 460815505920
ON 25 31 -1 -1 460815505920
ON 25 31 2 2 460815505920
ON 25 31 3 3 460815505920
ON 25 31 5 6 460815505920
ON 25 31 7 8 460815505920
ON 25 31 7 9 460815505920
ON 25 31 11 13 460815505920
ON 25 31 19 22 460815505920
ON 25 31 19 23 460815505920
ON 25 31 19 24 460815505920
ON 26 31 -1 -1 460815505920
ON 26 31 2 2 460815505920
ON 26 31 3 3 460815505920
ON 26 31 5 6 460815505920
ON 26 31 7 8 460815505920
ON 26 31 7 9 460815505920
ON 26 31 11 13 460815505920
ON 26 31 19 22 460815505920
ON 26 31 19 23 460815505920
ON 26 31 19 24 460815505920
ON 27 31 -1 -1 460815505920
ON 27 31 2 2 460815505920
ON 27 31 3 3 460815505920
ON 27 31 5 6 460815505920
ON 27 31 7 8 460815505920
ON 27 31 7 9 460815505920
ON 27 31 11 13 460815505920
ON 27 31 19 22 460815505920
ON 27 31 19 23 460815505920
ON 27 31 19 24 460815505920
ON 28 31 -1 -1 460815505920
ON 28 31 2 2 460815505920
ON 28 31 3 3 460815505920
ON 28 31 5 6 460815505920
ON 28 31 7 8 460815505920
ON 28 31 7 9 460815505920
ON 28 31 11 13 460815505920
ON 28 31 19 22 460815505920
ON 28 31 19 23 460815505920
ON 28 31 19 24 460815505920
M22 2 3 -1 -1 443520
M22 2 3 2 2 443520
M22 2 3 5 5 443520
M22 2 3 7 6 443520
M22 2 3 7 7 443520
M22 2 3 11 9 443520
M22 2 3 11 10 443520
M22 3 3 -1 -1 443520
M22 3 3 2 2 443520
M22 3 3 5 5 443520
M22 3 3 7 6 443520
M22 3 3 7 7 443520
M22 3 3 11 9 443520
M22 3 3 11 10 443520
M22 4 3 -1 -1 443520
M22 4 3 2 2 443520
M22 4 3 5 5 443520
M22 4 3 7 6 443520
M22 4 3 7 7 443520
M22 4 3 11 9 443520
M22 4 3 11 10 443520
M22 5 3 -1 -1 443520
M22 5 3 2 2 443520
M22 5 3 5 5 443520
M22 5 3 7 6 443520
M22 5 3 7 7 443520
M22 5 3 11 9 443520
M22 5 3 11 10 443520
M22 6 3 -1 -1 443520
M22 6 3 2 2 443520
M22 6 3 5 5 443520
M22 6 3 7 6 443520
M22 6 3 7 7 443520
M22 6 3 11 9 443520
M22 6 3 11 10 443520
M22 7 3 -1 -1 443520
M22 7 3 2 2 443520
M22 7 3 5 5 443520
M22 7 3 7 6 443520
M22 7 3 7 7 443520
M22 7 3 11 9 443520
M22 7 3 11 10 443520
M22 8 3 -1 -1 443520
M22 8 3 2 2 443520
M22 8 3 5 5 443520
M22 8 3 7 6 443520
M22 8 3 7 7 443520
M22 8 3 11 9 443520
M22 8 3 11 10 443520
M22 9 3 -1 -1 443520
M22 9 3 2 2 443520
M22 9 3 5 5 443520
M22 9 3 7 6 443520
M22 9 3 7 7 443520
M22 9 3 11 9 443520
M22 9 3 11 10 443520
M22 10 3 -1 -1 443520
M22 10 3 2 2 443520
M22 10 3 5 5 443520
M22 10 3 7 6 443520
M22 10 3 7 7 443520
M22 10 3 11 9 443520
M22 10 3 11 10 443520
M22 2 5 -1 -1 443520
M22 2 5 2 2 443520
M22 2 5 3 3 443520
M22 2 5 7 7 443520
M22 2 5 7 8 443520
M22 2 5 11 10 443520
M22 2 5 11 11 443520
M22 3 5 -1 -1 443520
M22 3 5 2 2 443520
M22 3 5 3 3 443520
M22 3 5 7 7 443520
M22 3 5 7 8 443520
M22 3 5 11 10 443520
M22 3 5 11 11 443520
M22 4 5 -1 -1 443520
M22 4 5 2 2 443520
M22 4 5 3 3 443520
M22 4 5 7 7 443520
M22 4 5 7 8 443520
M22 4 5 11 10 443520
M22 4 5 11 11 443520
M22 5 5 -1 -1 443520
M22 5 5 2 2 443520
M22 5 5 3 3 443520
M22 5 5 7 7 443520
M22 5 5 7 8 443520
M22 5 5 11 10 443520
M22 5 5 11 11 443520
M22 6 5 -1 -1 443520
M22 6 5 2 2 443520
M22 6 5 3 3 443520
M22 6 5 7 7 443520
M22 6 5 7 8 443520
M22 6 5 11 10 443520
M22 6 5 11 11 443520
M22 7 5 -1 -1 443520
M22 7 5 2 2 443520
M22 7 5 3 3 443520
M22 7 5 7 7 443520
M22 7 5 7 8 443520
M22 7 5 11 10 443520
M22 7 5 11 11 443520
M22 8 5 -1 -1 443520
M22 8 5 2 2 443520
M22 8 5 3 3 443520
M22 8 5 7 7 443520
M22 8 5 7 8 443520
M22 8 5 11 10 443520
M22 8 5 11 11 443520
M22 9 5 -1 -1 443520
M22 9 5 2 2 443520
M22 9 5 3 3 443520
M22 9 5 7 7 443520
M22 9 5 7 8 443520
M22 9 5 11 10 443520
M22 9 5 11 11 443520
M22 10 5 -1 -1 443520
M22 10 5 2 2 443520
M22 10 5 3 3 443520
M22 10 5 7 7 443520
M22 10 5 7 8 443520
M22 10 5 11 10 443520
M22 10 5 11 11 443520
M22 11 5 -1 -1 443520
M22 11 5 2 2 443520
M22 11 5 3 3 443520
M22 11 5 7 7 443520
M22 11 5 7 8 443520
M22 11 5 11 10 443520
M22 11 5 11 11 443520
M22 2 7 -1 -1 443520
M22 2 7 2 2 443520
M22 2 7 3 3 443520
M22 2 7 5 6 443520
M22 2 7 11 9 443520
M22 2 7 11 10 443520
M22 3 7 -1 -1 443520
M22 3 7 2 2 443520
M22 3 7 3 3 443520
M22 3 7 5 6 443520
M22 3 7 11 9 443520
M22 3 7 11 10 443520
M22 4 7 -1 -1 443520
M22 4 7 2 2 443520
M22 4 7 3 3 443520
M22 4 7 5 6 443520
M22 4 7 11 9 443520
M22 4 7 11 10 443520
M22 5 7 -1 -1 443520
M22 5 7 2 2 443520
M22 5 7 3 3 443520
M22 5 7 5 6 443520
M22 5 7 11 9 443520
M22 5 7 11 10 443520
M22 6 7 -1 -1 443520
M22 6 7 2 2 443520
M22 6 7 3 3 443520
M22 6 7 5 6 443520
M22 6 7 11 9 443520
M22 6 7 11 10 443520
M22 7 7 -1 -1 443520
M22 7 7 2 2 443520
M22 7 7 3 3 443520
M22 7 7 5 6 443520
M22 7 7 11 9 443520
M22 7 7 11 10 443520
M22 8 7 -1 -1 443520
M22 8 7 2 2 443520
M22 8 7 3 3 443520
M22 8 7 5 6 443520
M22 8 7 11 9 443520
M22 8 7 11 10 443520
M22 9 7 -1 -1 443520
M22 9 7 2 2 443520
M22 9 7 3 3 443520
M22 9 7 5 6 443520
M22 9 7 11 9 443520
M22 9 7 11 10 443520
M22 10 7 -1 -1 443520
M22 10 7 2 2 443520
M22 10 7 3 3 443520
M22 10 7 5 6 443520
M22 10 7 11 9 443520
M22 10 7 11 10 443520
M22.2 2 2 -1 -1 887040
M22.2 2 2 3 2 887040
M22.2 2 2 5 3 887040
M22.2 2 2 7 4 887040
M22.2 2 2 7 5 887040
M22.2 3 2 -1 -1 887040
M22.2 3 2 3 2 887040
M22.2 3 2 5 3 887040
M22.2 3 2 7 4 887040
M22.2 3 2 7 5 887040
M22.2 4 2 -1 -1 887040
M22.2 4 2 3 2 887040
M22.2 4 2 5 3 887040
M22.2 4 2 7 4 887040
M22.2 4 2 7 5 887040
M22.2 4 2 11 6 887040
M22.2 5 2 -1 -1 887040
M22.2 5 2 3 2 887040
M22.2 5 2 5 3 887040
M22.2 5 2 7 4 887040
M22.2 5 2 7 5 887040
M22.2 5 2 11 6 887040
M22.2 6 2 -1 -1 887040
M22.2 6 2 3 2 887040
M22.2 6 2 5 3 887040
M22.2 6 2 7 4 887040
M22.2 6 2 7 5 887040
M22.2 6 2 11 6 887040
Fi23 2 2 -1 -1 4089470473293004800
Fi23 2 2 3 2 4089470473293004800
Fi23 2 2 3 3 4089470473293004800
Fi23 2 2 3 4 4089470473293004800
Fi23 2 2 3 5 4089470473293004800
Fi23 2 2 5 6 4089470473293004800
Fi23 2 2 7 7 4089470473293004800
Fi23 2 2 11 13 4089470473293004800
Fi23 2 2 13 14 4089470473293004800
Fi23 2 2 13 15 4089470473293004800
Fi23 2 2 17 18 4089470473293004800
Fi23 2 2 23 20 4089470473293004800
Fi23 2 2 23 21 4089470473293004800
Fi23 3 2 -1 -1 4089470473293004800
Fi23 3 2 3 2 4089470473293004800
Fi23 3 2 3 3 4089470473293004800
Fi23 3 2 3 4 4089470473293004800
Fi23 3 2 3 5 4089470473293004800
Fi23 3 2 5 6 4089470473293004800
Fi23 3 2 7 7 4089470473293004800
Fi23 3 2 11 13 4089470473293004800
Fi23 3 2 13 14 4089470473293004800
Fi23 3 2 13 15 4089470473293004800
Fi23 3 2 17 18 4089470473293004800
Fi23 3 2 23 20 4089470473293004800
Fi23 3 2 23 21 4089470473293004800
Fi23 4 2 -1 -1 4089470473293004800
Fi23 4 2 3 2 4089470473293004800
Fi23 4 2 3 3 4089470473293004800
Fi23 4 2 3 4 4089470473293004800
Fi23 4 2 3 5 4089470473293004800
Fi23 4 2 5 6 4089470473293004800
Fi23 4 2 7 7 4089470473293004800
Fi23 4 2 11 13 4089470473293004800
Fi23 4 2 13 14 4089470473293004800
Fi23 4 2 13 15 4089470473293004800
Fi23 4 2 17 18 4089470473293004800
Fi23 4 2 23 20 4089470473293004800
Fi23 4 2 23 21 4089470473293004800
Fi23 5 2 -1 -1 4089470473293004800
Fi23 5 2 3 2 4089470473293004800
Fi23 5 2 3 3 4089470473293004800
Fi23 5 2 3 4 4089470473293004800
Fi23 5 2 3 5 4089470473293004800
Fi23 5 2 5 6 4089470473293004800
Fi23 5 2 7 7 4089470473293004800
Fi23 5 2 11 13 4089470473293004800
Fi23 5 2 13 14 4089470473293004800
Fi23 5 2 13 15 4089470473293004800
Fi23 5 2 17 18 4089470473293004800
Fi23 5 2 23 20 4089470473293004800
Fi23 5 2 23 21 4089470473293004800
Fi23 6 2 -1 -1 4089470473293004800
Fi23 6 2 3 2 4089470473293004800
Fi23 6 2 3 3 4089470473293004800
Fi23 6 2 3 4 4089470473293004800
Fi23 6 2 3 5 4089470473293004800
Fi23 6 2 5 6 4089470473293004800
Fi23 6 2 7 7 4089470473293004800
Fi23 6 2 11 13 4089470473293004800
Fi23 6 2 13 14 4089470473293004800
Fi23 6 2 13 15 4089470473293004800
Fi23 6 2 17 18 4089470473293004800
Fi23 6 2 23 20 4089470473293004800
Fi23 6 2 23 21 4089470473293004800
Fi23 7 2 -1 -1 4089470473293004800
Fi23 7 2 3 2 4089470473293004800
Fi23 7 2 3 3 4089470473293004800
Fi23 7 2 3 4 4089470473293004800
Fi23 7 2 3 5 4089470473293004800
Fi23 7 2 5 6 4089470473293004800
Fi23 7 2 7 7 4089470473293004800
Fi23 7 2 11 13 4089470473293004800
Fi23 7 2 13 14 4089470473293004800
Fi23 7 2 13 15 4089470473293004800
Fi23 7 2 17 18 4089470473293004800
Fi23 7 2 23 20 4089470473293004800
Fi23 7 2 23 21 4089470473293004800
Fi23 8 2 -1 -1 4089470473293004800
Fi23 8 2 3 2 4089470473293004800
Fi23 8 2 3 3 4089470473293004800
Fi23 8 2 3 4 4089470473293004800
Fi23 8 2 3 5 4089470473293004800
Fi23 8 2 5 6 4089470473293004800
Fi23 8 2 7 7 4089470473293004800
Fi23 8 2 11 13 4089470473293004800
Fi23 8 2 13 14 4089470473293004800
Fi23 8 2 13 15 4089470473293004800
Fi23 8 2 17 18 4089470473293004800
Fi23 8 2 23 20 4089470473293004800
Fi23 8 2 23 21 4089470473293004800
Fi23 9 2 -1 -1 4089470473293004800
Fi23 9 2 3 2 4089470473293004800
Fi23 9 2 3 3 4089470473293004800
Fi23 9 2 3 4 4089470473293004800
Fi23 9 2 3 5 4089470473293004800
Fi23 9 2 5 6 4089470473293004800
Fi23 9 2 7 7 4089470473293004800
Fi23 9 2 11 13 4089470473293004800
Fi23 9 2 13 14 4089470473293004800
Fi23 9 2 13 15 4089470473293004800
Fi23 9 2 17 18 4089470473293004800
Fi23 9 2 23 20 4089470473293004800
Fi23 9 2 23 21 4089470473293004800
Fi23 10 2 -1 -1 4089470473293004800
Fi23 10 2 3 2 4089470473293004800
Fi23 10 2 3 3 4089470473293004800
Fi23 10 2 3 4 4089470473293004800
Fi23 10 2 3 5 4089470473293004800
Fi23 10 2 5 6 4089470473293004800
Fi23 10 2 7 7 4089470473293004800
Fi23 10 2 11 13 4089470473293004800
Fi23 10 2 13 14 4089470473293004800
Fi23 10 2 13 15 4089470473293004800
Fi23 10 2 17 18 4089470473293004800
Fi23 10 2 23 20 4089470473293004800
Fi23 10 2 23 21 4089470473293004800
Fi23 11 2 -1 -1 4089470473293004800
Fi23 11 2 3 2 4089470473293004800
Fi23 11 2 3 3 4089470473293004800
Fi23 11 2 3 4 4089470473293004800
Fi23 11 2 3 5 4089470473293004800
Fi23 11 2 5 6 4089470473293004800
Fi23 11 2 7 7 4089470473293004800
Fi23 11 2 11 13 4089470473293004800
Fi23 11 2 13 14 4089470473293004800
Fi23 11 2 13 15 4089470473293004800
Fi23 11 2 17 18 4089470473293004800
Fi23 11 2 23 20 4089470473293004800
Fi23 11 2 23 21 4089470473293004800
Fi23 12 2 -1 -1 4089470473293004800
Fi23 12 2 3 2 4089470473293004800
Fi23 12 2 3 3 4089470473293004800
Fi23 12 2 3 4 4089470473293004800
Fi23 12 2 3 5 4089470473293004800
Fi23 12 2 5 6 4089470473293004800
Fi23 12 2 7 7 4089470473293004800
Fi23 12 2 11 13 4089470473293004800
Fi23 12 2 13 14 4089470473293004800
Fi23 12 2 13 15 4089470473293004800
Fi23 12 2 17 18 4089470473293004800
Fi23 12 2 23 20 4089470473293004800
Fi23 12 2 23 21 4089470473293004800
Fi23 13 2 -1 -1 4089470473293004800
Fi23 13 2 3 2 4089470473293004800
Fi23 13 2 3 3 4089470473293004800
Fi23 13 2 3 4 4089470473293004800
Fi23 13 2 3 5 4089470473293004800
Fi23 13 2 5 6 4089470473293004800
Fi23 13 2 7 7 4089470473293004800
Fi23 13 2 11 13 4089470473293004800
Fi23 13 2 13 14 4089470473293004800
Fi23 13 2 13 15 4089470473293004800
Fi23 13 2 17 18 4089470473293004800
Fi23 13 2 23 20 4089470473293004800
Fi23 13 2 23 21 4089470473293004800
Fi23 14 2 -1 -1 4089470473293004800
Fi23 14 2 3 2 4089470473293004800
Fi23 14 2 3 3 4089470473293004800
Fi23 14 2 3 4 4089470473293004800
Fi23 14 2 3 5 4089470473293004800
Fi23 14 2 5 6 4089470473293004800
Fi23 14 2 7 7 4089470473293004800
Fi23 14 2 11 13 4089470473293004800
Fi23 14 2 13 14 4089470473293004800
Fi23 14 2 13 15 4089470473293004800
Fi23 14 2 17 18 4089470473293004800
Fi23 14 2 23 20 4089470473293004800
Fi23 14 2 23 21 4089470473293004800
Fi23 15 2 -1 -1 4089470473293004800
Fi23 15 2 3 2 4089470473293004800
Fi23 15 2 3 3 4089470473293004800
Fi23 15 2 3 4 4089470473293004800
Fi23 15 2 3 5 4089470473293004800
Fi23 15 2 5 6 4089470473293004800
Fi23 15 2 7 7 4089470473293004800
Fi23 15 2 11 13 4089470473293004800
Fi23 15 2 13 14 4089470473293004800
Fi23 15 2 13 15 4089470473293004800
Fi23 15 2 17 18 4089470473293004800
Fi23 15 2 23 20 4089470473293004800
Fi23 15 2 23 21 4089470473293004800
Fi23 16 2 -1 -1 4089470473293004800
Fi23 16 2 3 2 4089470473293004800
Fi23 16 2 3 3 4089470473293004800
Fi23 16 2 3 4 4089470473293004800
Fi23 16 2 3 5 4089470473293004800
Fi23 16 2 5 6 4089470473293004800
Fi23 16 2 7 7 4089470473293004800
Fi23 16 2 11 13 4089470473293004800
Fi23 16 2 13 14 4089470473293004800
Fi23 16 2 13 15 4089470473293004800
Fi23 16 2 17 18 4089470473293004800
Fi23 16 2 23 20 4089470473293004800
Fi23 16 2 23 21 4089470473293004800
Fi23 17 2 -1 -1 4089470473293004800
Fi23 17 2 3 2 4089470473293004800
Fi23 17 2 3 3 4089470473293004800
Fi23 17 2 3 4 4089470473293004800
Fi23 17 2 3 5 4089470473293004800
Fi23 17 2 5 6 4089470473293004800
Fi23 17 2 7 7 4089470473293004800
Fi23 17 2 11 13 4089470473293004800
Fi23 17 2 13 14 4089470473293004800
Fi23 17 2 13 15 4089470473293004800
Fi23 17 2 17 18 4089470473293004800
Fi23 17 2 23 20 4089470473293004800
Fi23 17 2 23 21 4089470473293004800
Fi23 18 2 -1 -1 4089470473293004800
Fi23 18 2 3 2 4089470473293004800
Fi23 18 2 3 3 4089470473293004800
Fi23 18 2 3 4 4089470473293004800
Fi23 18 2 3 5 4089470473293004800
Fi23 18 2 5 6 4089470473293004800
Fi23 18 2 7 7 4089470473293004800
Fi23 18 2 11 13 4089470473293004800
Fi23 18 2 13 14 4089470473293004800
Fi23 18 2 13 15 4089470473293004800
Fi23 18 2 17 18 4089470473293004800
Fi23 18 2 23 20 4089470473293004800
Fi23 18 2 23 21 4089470473293004800
Fi23 19 2 -1 -1 4089470473293004800
Fi23 19 2 3 2 4089470473293004800
Fi23 19 2 3 3 4089470473293004800
Fi23 19 2 3 4 4089470473293004800
Fi23 19 2 3 5 4089470473293004800
Fi23 19 2 5 6 4089470473293004800
Fi23 19 2 7 7 4089470473293004800
Fi23 19 2 11 13 4089470473293004800
Fi23 19 2 13 14 4089470473293004800
Fi23 19 2 13 15 4089470473293004800
Fi23 19 2 17 18 4089470473293004800
Fi23 19 2 23 20 4089470473293004800
Fi23 19 2 23 21 4089470473293004800
Fi23 20 2 -1 -1 4089470473293004800
Fi23 20 2 3 2 4089470473293004800
Fi23 20 2 3 3 4089470473293004800
Fi23 20 2 3 4 4089470473293004800
Fi23 20 2 3 5 4089470473293004800
Fi23 20 2 5 6 4089470473293004800
Fi23 20 2 7 7 4089470473293004800
Fi23 20 2 11 13 4089470473293004800
Fi23 20 2 13 14 4089470473293004800
Fi23 20 2 13 15 4089470473293004800
Fi23 20 2 17 18 4089470473293004800
Fi23 20 2 23 20 4089470473293004800
Fi23 20 2 23 21 4089470473293004800
Fi23 21 2 -1 -1 4089470473293004800
Fi23 21 2 3 2 4089470473293004800
Fi23 21 2 3 3 4089470473293004800
Fi23 21 2 3 4 4089470473293004800
Fi23 21 2 3 5 4089470473293004800
Fi23 21 2 5 6 4089470473293004800
Fi23 21 2 7 7 4089470473293004800
Fi23 21 2 11 13 4089470473293004800
Fi23 21 2 13 14 4089470473293004800
Fi23 21 2 13 15 4089470473293004800
Fi23 21 2 17 18 4089470473293004800
Fi23 21 2 23 20 4089470473293004800
Fi23 21 2 23 21 4089470473293004800
Fi23 22 2 -1 -1 4089470473293004800
Fi23 22 2 3 2 4089470473293004800
Fi23 22 2 3 3 4089470473293004800
Fi23 22 2 3 4 4089470473293004800
Fi23 22 2 3 5 4089470473293004800
Fi23 22 2 5 6 4089470473293004800
Fi23 22 2 7 7 4089470473293004800
Fi23 22 2 11 13 4089470473293004800
Fi23 22 2 13 14 4089470473293004800
Fi23 22 2 13 15 4089470473293004800
Fi23 22 2 17 18 4089470473293004800
Fi23 22 2 23 20 4089470473293004800
Fi23 22 2 23 21 4089470473293004800
Fi23 23 2 -1 -1 4089470473293004800
Fi23 23 2 3 2 4089470473293004800
Fi23 23 2 3 3 4089470473293004800
Fi23 23 2 3 4 4089470473293004800
Fi23 23 2 3 5 4089470473293004800
Fi23 23 2 5 6 4089470473293004800
Fi23 23 2 7 7 4089470473293004800
Fi23 23 2 11 13 4089470473293004800
Fi23 23 2 13 14 4089470473293004800
Fi23 23 2 13 15 4089470473293004800
Fi23 23 2 17 18 4089470473293004800
Fi23 23 2 23 20 4089470473293004800
Fi23 23 2 23 21 4089470473293004800
Fi23 24 2 -1 -1 4089470473293004800
Fi23 24 2 3 2 4089470473293004800
Fi23 24 2 3 3 4089470473293004800
Fi23 24 2 3 4 4089470473293004800
Fi23 24 2 3 5 4089470473293004800
Fi23 24 2 5 6 4089470473293004800
Fi23 24 2 7 7 4089470473293004800
Fi23 24 2 11 13 4089470473293004800
Fi23 24 2 13 14 4089470473293004800
Fi23 24 2 13 15 4089470473293004800
Fi23 24 2 17 18 4089470473293004800
Fi23 24 2 23 20 4089470473293004800
Fi23 24 2 23 21 4089470473293004800
Fi23 25 2 -1 -1 4089470473293004800
Fi23 25 2 3 2 4089470473293004800
Fi23 25 2 3 3 4089470473293004800
Fi23 25 2 3 4 4089470473293004800
Fi23 25 2 3 5 4089470473293004800
Fi23 25 2 5 6 4089470473293004800
Fi23 25 2 7 7 4089470473293004800
Fi23 25 2 11 13 4089470473293004800
Fi23 25 2 13 14 4089470473293004800
Fi23 25 2 13 15 4089470473293004800
Fi23 25 2 17 18 4089470473293004800
Fi23 25 2 23 20 4089470473293004800
Fi23 25 2 23 21 4089470473293004800
Fi23 2 3 -1 -1 4089470473293004800
Fi23 2 3 2 2 4089470473293004800
Fi23 2 3 2 3 4089470473293004800
Fi23 2 3 2 4 4089470473293004800
Fi23 2 3 5 9 4089470473293004800
Fi23 2 3 7 10 4089470473293004800
Fi23 2 3 11 17 4089470473293004800
Fi23 2 3 13 18 4089470473293004800
Fi23 2 3 13 19 4089470473293004800
Fi23 2 3 17 24 4089470473293004800
Fi23 2 3 23 30 4089470473293004800
Fi23 2 3 23 31 4089470473293004800
Fi23 3 3 -1 -1 4089470473293004800
Fi23 3 3 2 2 4089470473293004800
Fi23 3 3 2 3 4089470473293004800
Fi23 3 3 2 4 4089470473293004800
Fi23 3 3 5 9 4089470473293004800
Fi23 3 3 7 10 4089470473293004800
Fi23 3 3 11 17 4089470473293004800
Fi23 3 3 13 18 4089470473293004800
Fi23 3 3 13 19 4089470473293004800
Fi23 3 3 17 24 4089470473293004800
Fi23 3 3 23 30 4089470473293004800
Fi23 3 3 23 31 4089470473293004800
Fi23 4 3 -1 -1 4089470473293004800
Fi23 4 3 2 2 4089470473293004800
Fi23 4 3 2 3 4089470473293004800
Fi23 4 3 2 4 4089470473293004800
Fi23 4 3 5 9 4089470473293004800
Fi23 4 3 7 10 4089470473293004800
Fi23 4 3 11 17 4089470473293004800
Fi23 4 3 13 18 4089470473293004800
Fi23 4 3 13 19 4089470473293004800
Fi23 4 3 17 24 4089470473293004800
Fi23 4 3 23 30 4089470473293004800
Fi23 4 3 23 31 4089470473293004800
Fi23 5 3 -1 -1 4089470473293004800
Fi23 5 3 2 2 4089470473293004800
Fi23 5 3 2 3 4089470473293004800
Fi23 5 3 2 4 4089470473293004800
Fi23 5 3 5 9 4089470473293004800
Fi23 5 3 7 10 4089470473293004800
Fi23 5 3 11 17 4089470473293004800
Fi23 5 3 13 18 4089470473293004800
Fi23 5 3 13 19 4089470473293004800
Fi23 5 3 17 24 4089470473293004800
Fi23 5 3 23 30 4089470473293004800
Fi23 5 3 23 31 4089470473293004800
Fi23 6 3 -1 -1 4089470473293004800
Fi23 6 3 2 2 4089470473293004800
Fi23 6 3 2 3 4089470473293004800
Fi23 6 3 2 4 4089470473293004800
Fi23 6 3 5 9 4089470473293004800
Fi23 6 3 7 10 4089470473293004800
Fi23 6 3 11 17 4089470473293004800
Fi23 6 3 13 18 4089470473293004800
Fi23 6 3 13 19 4089470473293004800
Fi23 6 3 17 24 4089470473293004800
Fi23 6 3 23 30 4089470473293004800
Fi23 6 3 23 31 4089470473293004800
Fi23 7 3 -1 -1 4089470473293004800
Fi23 7 3 2 2 4089470473293004800
Fi23 7 3 2 3 4089470473293004800
Fi23 7 3 2 4 4089470473293004800
Fi23 7 3 5 9 4089470473293004800
Fi23 7 3 7 10 4089470473293004800
Fi23 7 3 11 17 4089470473293004800
Fi23 7 3 13 18 4089470473293004800
Fi23 7 3 13 19 4089470473293004800
Fi23 7 3 17 24 4089470473293004800
Fi23 7 3 23 30 4089470473293004800
Fi23 7 3 23 31 4089470473293004800
Fi23 8 3 -1 -1 4089470473293004800
Fi23 8 3 2 2 4089470473293004800
Fi23 8 3 2 3 4089470473293004800
Fi23 8 3 2 4 4089470473293004800
Fi23 8 3 5 9 4089470473293004800
Fi23 8 3 7 10 4089470473293004800
Fi23 8 3 11 17 4089470473293004800
Fi23 8 3 13 18 4089470473293004800
Fi23 8 3 13 19 4089470473293004800
Fi23 8 3 17 24 4089470473293004800
Fi23 8 3 23 30 4089470473293004800
Fi23 8 3 23 31 4089470473293004800
Fi23 9 3 -1 -1 4089470473293004800
Fi23 9 3 2 2 4089470473293004800
Fi23 9 3 2 3 4089470473293004800
Fi23 9 3 2 4 4089470473293004800
Fi23 9 3 5 9 4089470473293004800
Fi23 9 3 7 10 4089470473293004800
Fi23 9 3 11 17 4089470473293004800
Fi23 9 3 13 18 4089470473293004800
Fi23 9 3 13 19 4089470473293004800
Fi23 9 3 17 24 4089470473293004800
Fi23 9 3 23 30 4089470473293004800
Fi23 9 3 23 31 4089470473293004800
Fi23 10 3 -1 -1 4089470473293004800
Fi23 10 3 2 2 4089470473293004800
Fi23 10 3 2 3 4089470473293004800
Fi23 10 3 2 4 4089470473293004800
Fi23 10 3 5 9 4089470473293004800
Fi23 10 3 7 10 4089470473293004800
Fi23 10 3 11 17 4089470473293004800
Fi23 10 3 13 18 4089470473293004800
Fi23 10 3 13 19 4089470473293004800
Fi23 10 3 17 24 4089470473293004800
Fi23 10 3 23 30 4089470473293004800
Fi23 10 3 23 31 4089470473293004800
Fi23 11 3 -1 -1 4089470473293004800
Fi23 11 3 2 2 4089470473293004800
Fi23 11 3 2 3 4089470473293004800
Fi23 11 3 2 4 4089470473293004800
Fi23 11 3 5 9 4089470473293004800
Fi23 11 3 7 10 4089470473293004800
Fi23 11 3 11 17 4089470473293004800
Fi23 11 3 13 18 4089470473293004800
Fi23 11 3 13 19 4089470473293004800
Fi23 11 3 17 24 4089470473293004800
Fi23 11 3 23 30 4089470473293004800
Fi23 11 3 23 31 4089470473293004800
Fi23 12 3 -1 -1 4089470473293004800
Fi23 12 3 2 2 4089470473293004800
Fi23 12 3 2 3 4089470473293004800
Fi23 12 3 2 4 4089470473293004800
Fi23 12 3 5 9 4089470473293004800
Fi23 12 3 7 10 4089470473293004800
Fi23 12 3 11 17 4089470473293004800
Fi23 12 3 13 18 4089470473293004800
Fi23 12 3 13 19 4089470473293004800
Fi23 12 3 17 24 4089470473293004800
Fi23 12 3 23 30 4089470473293004800
Fi23 12 3 23 31 4089470473293004800
Fi23 13 3 -1 -1 4089470473293004800
Fi23 13 3 2 2 4089470473293004800
Fi23 13 3 2 3 4089470473293004800
Fi23 13 3 2 4 4089470473293004800
Fi23 13 3 5 9 4089470473293004800
Fi23 13 3 7 10 4089470473293004800
Fi23 13 3 11 17 4089470473293004800
Fi23 13 3 13 18 4089470473293004800
Fi23 13 3 13 19 4089470473293004800
Fi23 13 3 17 24 4089470473293004800
Fi23 13 3 23 30 4089470473293004800
Fi23 13 3 23 31 4089470473293004800
Fi23 14 3 -1 -1 4089470473293004800
Fi23 14 3 2 2 4089470473293004800
Fi23 14 3 2 3 4089470473293004800
Fi23 14 3 2 4 4089470473293004800
Fi23 14 3 5 9 4089470473293004800
Fi23 14 3 7 10 4089470473293004800
Fi23 14 3 11 17 4089470473293004800
Fi23 14 3 13 18 4089470473293004800
Fi23 14 3 13 19 4089470473293004800
Fi23 14 3 17 24 4089470473293004800
Fi23 14 3 23 30 4089470473293004800
Fi23 14 3 23 31 4089470473293004800
Fi23 15 3 -1 -1 4089470473293004800
Fi23 15 3 2 2 4089470473293004800
Fi23 15 3 2 3 4089470473293004800
Fi23 15 3 2 4 4089470473293004800
Fi23 15 3 5 9 4089470473293004800
Fi23 15 3 7 10 4089470473293004800
Fi23 15 3 11 17 4089470473293004800
Fi23 15 3 13 18 4089470473293004800
Fi23 15 3 13 19 4089470473293004800
Fi23 15 3 17 24 4089470473293004800
Fi23 15 3 23 30 4089470473293004800
Fi23 15 3 23 31 4089470473293004800
Fi23 16 3 -1 -1 4089470473293004800
Fi23 16 3 2 2 4089470473293004800
Fi23 16 3 2 3 4089470473293004800
Fi23 16 3 2 4 4089470473293004800
Fi23 16 3 5 9 4089470473293004800
Fi23 16 3 7 10 4089470473293004800
Fi23 16 3 11 17 4089470473293004800
Fi23 16 3 13 18 4089470473293004800
Fi23 16 3 13 19 4089470473293004800
Fi23 16 3 17 24 4089470473293004800
Fi23 16 3 23 30 4089470473293004800
Fi23 16 3 23 31 4089470473293004800
Fi23 17 3 -1 -1 4089470473293004800
Fi23 17 3 2 2 4089470473293004800
Fi23 17 3 2 3 4089470473293004800
Fi23 17 3 2 4 4089470473293004800
Fi23 17 3 5 9 4089470473293004800
Fi23 17 3 7 10 4089470473293004800
Fi23 17 3 11 17 4089470473293004800
Fi23 17 3 13 18 4089470473293004800
Fi23 17 3 13 19 4089470473293004800
Fi23 17 3 17 24 4089470473293004800
Fi23 17 3 23 30 4089470473293004800
Fi23 17 3 23 31 4089470473293004800
Fi23 18 3 -1 -1 4089470473293004800
Fi23 18 3 2 2 4089470473293004800
Fi23 18 3 2 3 4089470473293004800
Fi23 18 3 2 4 4089470473293004800
Fi23 18 3 5 9 4089470473293004800
Fi23 18 3 7 10 4089470473293004800
Fi23 18 3 11 17 4089470473293004800
Fi23 18 3 13 18 4089470473293004800
Fi23 18 3 13 19 4089470473293004800
Fi23 18 3 17 24 4089470473293004800
Fi23 18 3 23 30 4089470473293004800
Fi23 18 3 23 31 4089470473293004800
Fi23 19 3 -1 -1 4089470473293004800
Fi23 19 3 2 2 4089470473293004800
Fi23 19 3 2 3 4089470473293004800
Fi23 19 3 2 4 4089470473293004800
Fi23 19 3 5 9 4089470473293004800
Fi23 19 3 7 10 4089470473293004800
Fi23 19 3 11 17 4089470473293004800
Fi23 19 3 13 18 4089470473293004800
Fi23 19 3 13 19 4089470473293004800
Fi23 19 3 17 24 4089470473293004800
Fi23 19 3 23 30 4089470473293004800
Fi23 19 3 23 31 4089470473293004800
Fi23 20 3 -1 -1 4089470473293004800
Fi23 20 3 2 2 4089470473293004800
Fi23 20 3 2 3 4089470473293004800
Fi23 20 3 2 4 4089470473293004800
Fi23 20 3 5 9 4089470473293004800
Fi23 20 3 7 10 4089470473293004800
Fi23 20 3 11 17 4089470473293004800
Fi23 20 3 13 18 4089470473293004800
Fi23 20 3 13 19 4089470473293004800
Fi23 20 3 17 24 4089470473293004800
Fi23 20 3 23 30 4089470473293004800
Fi23 20 3 23 31 4089470473293004800
Fi23 21 3 -1 -1 4089470473293004800
Fi23 21 3 2 2 4089470473293004800
Fi23 21 3 2 3 4089470473293004800
Fi23 21 3 2 4 4089470473293004800
Fi23 21 3 5 9 4089470473293004800
Fi23 21 3 7 10 4089470473293004800
Fi23 21 3 11 17 4089470473293004800
Fi23 21 3 13 18 4089470473293004800
Fi23 21 3 13 19 4089470473293004800
Fi23 21 3 17 24 4089470473293004800
Fi23 21 3 23 30 4089470473293004800
Fi23 21 3 23 31 4089470473293004800
Fi23 22 3 -1 -1 4089470473293004800
Fi23 22 3 2 2 4089470473293004800
Fi23 22 3 2 3 4089470473293004800
Fi23 22 3 2 4 4089470473293004800
Fi23 22 3 5 9 4089470473293004800
Fi23 22 3 7 10 4089470473293004800
Fi23 22 3 11 17 4089470473293004800
Fi23 22 3 13 18 4089470473293004800
Fi23 22 3 13 19 4089470473293004800
Fi23 22 3 17 24 4089470473293004800
Fi23 22 3 23 30 4089470473293004800
Fi23 22 3 23 31 4089470473293004800
Fi23 23 3 -1 -1 4089470473293004800
Fi23 23 3 2 2 4089470473293004800
Fi23 23 3 2 3 4089470473293004800
Fi23 23 3 2 4 4089470473293004800
Fi23 23 3 5 9 4089470473293004800
Fi23 23 3 7 10 4089470473293004800
Fi23 23 3 11 17 4089470473293004800
Fi23 23 3 13 18 4089470473293004800
Fi23 23 3 13 19 4089470473293004800
Fi23 23 3 17 24 4089470473293004800
Fi23 23 3 23 30 4089470473293004800
Fi23 23 3 23 31 4089470473293004800
Fi23 24 3 -1 -1 4089470473293004800
Fi23 24 3 2 2 4089470473293004800
Fi23 24 3 2 3 4089470473293004800
Fi23 24 3 2 4 4089470473293004800
Fi23 24 3 5 9 4089470473293004800
Fi23 24 3 7 10 4089470473293004800
Fi23 24 3 11 17 4089470473293004800
Fi23 24 3 13 18 4089470473293004800
Fi23 24 3 13 19 4089470473293004800
Fi23 24 3 17 24 4089470473293004800
Fi23 24 3 23 30 4089470473293004800
Fi23 24 3 23 31 4089470473293004800
Fi23 25 3 -1 -1 4089470473293004800
Fi23 25 3 2 2 4089470473293004800
Fi23 25 3 2 3 4089470473293004800
Fi23 25 3 2 4 4089470473293004800
Fi23 25 3 5 9 4089470473293004800
Fi23 25 3 7 10 4089470473293004800
Fi23 25 3 11 17 4089470473293004800
Fi23 25 3 13 18 4089470473293004800
Fi23 25 3 13 19 4089470473293004800
Fi23 25 3 17 24 4089470473293004800
Fi23 25 3 23 30 4089470473293004800
Fi23 25 3 23 31 4089470473293004800
Fi23 26 3 -1 -1 4089470473293004800
Fi23 26 3 2 2 4089470473293004800
Fi23 26 3 2 3 4089470473293004800
Fi23 26 3 2 4 4089470473293004800
Fi23 26 3 5 9 4089470473293004800
Fi23 26 3 7 10 4089470473293004800
Fi23 26 3 11 17 4089470473293004800
Fi23 26 3 13 18 4089470473293004800
Fi23 26 3 13 19 4089470473293004800
Fi23 26 3 17 24 4089470473293004800
Fi23 26 3 23 30 4089470473293004800
Fi23 26 3 23 31 4089470473293004800
Fi23 27 3 -1 -1 4089470473293004800
Fi23 27 3 2 2 4089470473293004800
Fi23 27 3 2 3 4089470473293004800
Fi23 27 3 2 4 4089470473293004800
Fi23 27 3 5 9 4089470473293004800
Fi23 27 3 7 10 4089470473293004800
Fi23 27 3 11 17 4089470473293004800
Fi23 27 3 13 18 4089470473293004800
Fi23 27 3 13 19 4089470473293004800
Fi23 27 3 17 24 4089470473293004800
Fi23 27 3 23 30 4089470473293004800
Fi23 27 3 23 31 4089470473293004800
Fi23 28 3 -1 -1 4089470473293004800
Fi23 28 3 2 2 4089470473293004800
Fi23 28 3 2 3 4089470473293004800
Fi23 28 3 2 4 4089470473293004800
Fi23 28 3 5 9 4089470473293004800
Fi23 28 3 7 10 4089470473293004800
Fi23 28 3 11 17 4089470473293004800
Fi23 28 3 13 18 4089470473293004800
Fi23 28 3 13 19 4089470473293004800
Fi23 28 3 17 24 4089470473293004800
Fi23 28 3 23 30 4089470473293004800
Fi23 28 3 23 31 4089470473293004800
Fi23 29 3 -1 -1 4089470473293004800
Fi23 29 3 2 2 4089470473293004800
Fi23 29 3 2 3 4089470473293004800
Fi23 29 3 2 4 4089470473293004800
Fi23 29 3 5 9 4089470473293004800
Fi23 29 3 7 10 4089470473293004800
Fi23 29 3 11 17 4089470473293004800
Fi23 29 3 13 18 4089470473293004800
Fi23 29 3 13 19 4089470473293004800
Fi23 29 3 17 24 4089470473293004800
Fi23 29 3 23 30 4089470473293004800
Fi23 29 3 23 31 4089470473293004800
Fi23 30 3 -1 -1 4089470473293004800
Fi23 30 3 2 2 4089470473293004800
Fi23 30 3 2 3 4089470473293004800
Fi23 30 3 2 4 4089470473293004800
Fi23 30 3 5 9 4089470473293004800
Fi23 30 3 7 10 4089470473293004800
Fi23 30 3 11 17 4089470473293004800
Fi23 30 3 13 18 4089470473293004800
Fi23 30 3 13 19 4089470473293004800
Fi23 30 3 17 24 4089470473293004800
Fi23 30 3 23 30 4089470473293004800
Fi23 30 3 23 31 4089470473293004800
Fi23 31 3 -1 -1 4089470473293004800
Fi23 31 3 2 2 4089470473293004800
Fi23 31 3 2 3 4089470473293004800
Fi23 31 3 2 4 4089470473293004800
Fi23 31 3 5 9 4089470473293004800
Fi23 31 3 7 10 4089470473293004800
Fi23 31 3 11 17 4089470473293004800
Fi23 31 3 13 18 4089470473293004800
Fi23 31 3 13 19 4089470473293004800
Fi23 31 3 17 24 4089470473293004800
Fi23 31 3 23 30 4089470473293004800
Fi23 31 3 23 31 4089470473293004800
Fi23 32 3 -1 -1 4089470473293004800
Fi23 32 3 2 2 4089470473293004800
Fi23 32 3 2 3 4089470473293004800
Fi23 32 3 2 4 4089470473293004800
Fi23 32 3 5 9 4089470473293004800
Fi23 32 3 7 10 4089470473293004800
Fi23 32 3 11 17 4089470473293004800
Fi23 32 3 13 18 4089470473293004800
Fi23 32 3 13 19 4089470473293004800
Fi23 32 3 17 24 4089470473293004800
Fi23 32 3 23 30 4089470473293004800
Fi23 32 3 23 31 4089470473293004800
Fi23 33 3 -1 -1 4089470473293004800
Fi23 33 3 2 2 4089470473293004800
Fi23 33 3 2 3 4089470473293004800
Fi23 33 3 2 4 4089470473293004800
Fi23 33 3 5 9 4089470473293004800
Fi23 33 3 7 10 4089470473293004800
Fi23 33 3 11 17 4089470473293004800
Fi23 33 3 13 18 4089470473293004800
Fi23 33 3 13 19 4089470473293004800
Fi23 33 3 17 24 4089470473293004800
Fi23 33 3 23 30 4089470473293004800
Fi23 33 3 23 31 4089470473293004800
Fi23 34 3 -1 -1 4089470473293004800
Fi23 34 3 2 2 4089470473293004800
Fi23 34 3 2 3 4089470473293004800
Fi23 34 3 2 4 4089470473293004800
Fi23 34 3 5 9 4089470473293004800
Fi23 34 3 7 10 4089470473293004800
Fi23 34 3 11 17 4089470473293004800
Fi23 34 3 13 18 4089470473293004800
Fi23 34 3 13 19 4089470473293004800
Fi23 34 3 17 24 4089470473293004800
Fi23 34 3 23 30 4089470473293004800
Fi23 34 3 23 31 4089470473293004800
Fi23 35 3 -1 -1 4089470473293004800
Fi23 35 3 2 2 4089470473293004800
Fi23 35 3 2 3 4089470473293004800
Fi23 35 3 2 4 4089470473293004800
Fi23 35 3 5 9 4089470473293004800
Fi23 35 3 7 10 4089470473293004800
Fi23 35 3 11 17 4089470473293004800
Fi23 35 3 13 18 4089470473293004800
Fi23 35 3 13 19 4089470473293004800
Fi23 35 3 17 24 4089470473293004800
Fi23 35 3 23 30 4089470473293004800
Fi23 35 3 23 31 4089470473293004800
