Extra edge: 2 11
False ('M22', 1) [(2, 3), (2, 5), (2, 7), (2, 11), (3, 2), (3, 5), (3, 7), (3, 11), (5, 2), (5, 3), (5, 7), (5, 11), (7, 2), (7, 3), (7, 5), (7, 11)]
Extra edge: 3 5
False ('M22', 2) [(2, 3), (2, 5), (2, 7), (3, 2), (3, 5), (3, 7), (3, 11), (5, 2), (5, 3), (5, 7), (5, 11), (7, 2), (7, 3), (7, 5), (7, 11)]
Extra edge: 3 5
False ('M22', 3) [(2, 3), (2, 5), (2, 7), (3, 2), (3, 5), (3, 7), (3, 11), (5, 2), (5, 3), (5, 7), (5, 11), (7, 2), (7, 3), (7, 5), (7, 11)]
Extra edge: 2 11
False ('M22', 4) [(2, 3), (2, 5), (2, 7), (2, 11), (3, 2), (3, 5), (3, 7), (3, 11), (5, 2), (5, 3), (5, 7), (5, 11), (7, 2), (7, 3), (7, 5), (7, 11)]
Extra edge: 2 11
False ('M22', 5) [(2, 3), (2, 5), (2, 7), (2, 11), (3, 2), (3, 5), (3, 7), (3, 11), (5, 2), (5, 3), (5, 7), (5, 11), (7, 2), (7, 3), (7, 5), (7, 11)]
Extra edge: 2 11
False ('M22', 6) [(2, 3), (2, 5), (2, 7), (2, 11), (3, 2), (3, 5), (3, 7), (3, 11), (5, 2), (5, 3), (5, 7), (5, 11), (7, 2), (7, 3), (7, 5), (7, 11)]
Extra edge: 2 11
False ('M22', 7) [(2, 3), (2, 5), (2, 7), (2, 11), (3, 2), (3, 5), (3, 7), (3, 11), (5, 2), (5, 3), (5, 7), (5, 11), (7, 2), (7, 3), (7, 5), (7, 11)]
Extra edge: 3 5
False ('M22', 8) [(3, 2), (3, 5), (3, 7), (3, 11), (5, 2), (5, 3), (5, 7), (5, 11), (7, 2), (7, 3), (7, 5), (7, 11)]
Extra edge: 3 5
False ('M22', 9) [(3, 2), (3, 5), (3, 7), (3, 11), (5, 2), (5, 3), (5, 7), (5, 11), (7, 2), (7, 3), (7, 5), (7, 11)]
Extra edge: 3 5
False ('M22', 10) [(3, 2), (3, 5), (3, 7), (3, 11), (5, 2), (5, 3), (5, 7), (5, 11), (7, 2), (7, 3), (7, 5), (7, 11)]
Extra edge: 5 3
False ('M22', 11) [(5, 2), (5, 3), (5, 7), (5, 11)]
Extra edge: 2 11
False ('M22.2', 1) [(2, 3), (2, 5), (2, 7), (2, 11), (3, 2), (3, 5), (3, 7), (3, 11), (5, 2), (5, 3), (5, 7), (5, 11), (7, 2), (7, 3), (7, 5), (7, 11)]
Extra edge: 3 5
False ('M22.2', 2) [(2, 3), (2, 5), (2, 7), (3, 2), (3, 5), (3, 7), (3, 11), (5, 2), (5, 3), (5, 7), (5, 11), (7, 2), (7, 3), (7, 5), (7, 11)]
Extra edge: 3 5
False ('M22.2', 3) [(2, 3), (2, 5), (2, 7), (3, 2), (3, 5), (3, 7), (3, 11), (5, 2), (5, 3), (5, 7), (5, 11), (7, 2), (7, 3), (7, 5), (7, 11)]
Extra edge: 2 11
False ('M22.2', 4) [(2, 3), (2, 5), (2, 7), (2, 11), (3, 2), (3, 5), (3, 7), (3, 11), (5, 2), (5, 3), (5, 7), (5, 11), (7, 2), (7, 3), (7, 5), (7, 11)]
Extra edge: 2 11
False ('M22.2', 5) [(2, 3), (2, 5), (2, 7), (2, 11), (3, 2), (3, 5), (3, 7), (3, 11), (5, 2), (5, 3), (5, 7), (5, 11), (7, 2), (7, 3), (7, 5), (7, 11)]
Extra edge: 2 11
False ('M22.2', 6) [(2, 3), (2, 5), (2, 7), (2, 11), (3, 2), (3, 5), (3, 7), (3, 11), (5, 2), (5, 3), (5, 7), (5, 11), (7, 2), (7, 3), (7, 5), (7, 11)]
Extra edge: 3 5
False ('M22.2', 7) [(3, 2), (3, 5), (3, 7), (3, 11), (5, 2), (5, 3), (5, 7), (5, 11), (7, 2), (7, 3), (7, 5), (7, 11)]
Extra edge: 3 5
False ('M22.2', 8) [(3, 2), (3, 5), (3, 7), (3, 11), (5, 2), (5, 3), (5, 7), (5, 11), (7, 2), (7, 3), (7, 5), (7, 11)]
Extra edge: 3 5
False ('M22.2', 9) [(3, 2), (3, 5), (3, 7), (3, 11), (5, 2), (5, 3), (5, 7), (5, 11), (7, 2), (7, 3), (7, 5), (7, 11)]
Extra edge: 3 5
False ('M22.2', 10) [(3, 2), (3, 5), (3, 7), (3, 11), (5, 2), (5, 3), (5, 7), (5, 11), (7, 2), (7, 3), (7, 5), (7, 11)]
Extra edge: 3 5
False ('M22.2', 11) [(3, 2), (3, 5), (3, 7), (3, 11), (5, 2), (5, 3), (5, 7), (5, 11), (7, 2), (7, 3), (7, 5), (7, 11)]
Extra edge: 3 5
False ('M22.2', 12) [(3, 2), (3, 5), (3, 7), (3, 11), (5, 2), (5, 3), (5, 7), (5, 11), (7, 2), (7, 3), (7, 5), (7, 11)]
Extra edge: 3 5
False ('M22.2', 13) [(3, 2), (3, 5), (3, 7), (3, 11), (5, 2), (5, 3), (5, 7), (5, 11), (7, 2), (7, 3), (7, 5), (7, 11)]
Extra edge: 3 5
False ('M22.2', 14) [(3, 2), (3, 5), (3, 7), (3, 11), (5, 2), (5, 3), (5, 7), (5, 11), (7, 2), (7, 3), (7, 5), (7, 11)]
Extra edge: 3 5
False ('M22.2', 15) [(3, 2), (3, 5), (3, 7), (3, 11), (5, 2), (5, 3), (5, 7), (5, 11), (7, 2), (7, 3), (7, 5), (7, 11)]
Extra edge: 3 5
False ('M22.2', 16) [(3, 2), (3, 5), (3, 7), (3, 11), (5, 2), (5, 3), (5, 7), (5, 11), (7, 2), (7, 3), (7, 5), (7, 11)]
Extra edge: 3 5
False ('M22.2', 17) [(3, 2), (3, 5), (3, 7), (3, 11), (5, 2), (5, 3), (5, 7), (5, 11), (7, 2), (7, 3), (7, 5), (7, 11)]
Extra edge: 5 3
False ('M22.2', 18) [(5, 2), (5, 3), (5, 7), (5, 11)]
Extra edge: 5 3
False ('M22.2', 19) [(5, 2), (5, 3), (5, 7), (5, 11)]
Extra edge: 2 19
False ('J3', 1) [(2, 3), (2, 5), (2, 17), (2, 19), (3, 2), (3, 5), (3, 17), (3, 19), (5, 2), (5, 3), (5, 17), (5, 19), (17, 2), (17, 3), (17, 5), (17, 19)]
Extra edge: 2 19
False ('J3', 2) [(2, 3), (2, 5), (2, 17), (2, 19), (3, 2), (3, 5), (3, 17), (5, 2), (5, 3), (5, 17), (5, 19), (17, 2), (17, 3), (17, 5), (17, 19)]
Extra edge: 2 19
False ('J3', 3) [(2, 3), (2, 5), (2, 17), (2, 19), (3, 2), (3, 5), (3, 17), (5, 2), (5, 3), (5, 17), (5, 19), (17, 2), (17, 3), (17, 5), (17, 19)]
Extra edge: 2 19
False ('J3', 4) [(2, 3), (2, 5), (2, 17), (2, 19), (3, 2), (3, 5), (3, 17), (3, 19), (5, 2), (5, 3), (5, 17), (5, 19), (17, 2), (17, 3), (17, 5), (17, 19)]
Extra edge: 2 19
False ('J3', 5) [(2, 3), (2, 5), (2, 17), (2, 19), (3, 2), (3, 5), (3, 17), (3, 19), (5, 2), (5, 3), (5, 17), (5, 19), (17, 2), (17, 3), (17, 5), (17, 19)]
Extra edge: 2 19
False ('J3', 6) [(2, 3), (2, 5), (2, 17), (2, 19), (3, 2), (3, 5), (3, 17), (3, 19), (5, 2), (5, 3), (5, 17), (5, 19), (17, 2), (17, 3), (17, 5), (17, 19)]
Extra edge: 2 19
False ('J3', 7) [(2, 3), (2, 5), (2, 17), (2, 19), (3, 2), (3, 5), (3, 17), (3, 19), (5, 2), (5, 3), (5, 17), (5, 19), (17, 2), (17, 3), (17, 5), (17, 19)]
Extra edge: 2 19
False ('J3', 8) [(2, 3), (2, 5), (2, 17), (2, 19), (3, 2), (3, 5), (3, 17), (3, 19), (5, 2), (5, 3), (5, 17), (5, 19), (17, 2), (17, 3), (17, 5), (17, 19)]
Extra edge: 2 19
False ('J3', 9) [(2, 3), (2, 5), (2, 17), (2, 19), (3, 2), (3, 5), (3, 17), (3, 19), (5, 2), (5, 3), (5, 17), (5, 19), (17, 2), (17, 3), (17, 5), (17, 19)]
Extra edge: 2 19
False ('J3', 10) [(2, 3), (2, 5), (2, 17), (2, 19), (3, 2), (3, 5), (3, 17), (3, 19), (5, 2), (5, 3), (5, 17), (5, 19), (17, 2), (17, 3), (17, 5), (17, 19)]
Extra edge: 2 19
False ('J3', 11) [(2, 3), (2, 5), (2, 17), (2, 19), (3, 2), (3, 5), (3, 17), (3, 19), (5, 2), (5, 3), (5, 17), (5, 19), (17, 2), (17, 3), (17, 5), (17, 19)]
Extra edge: 2 19
False ('J3', 12) [(2, 3), (2, 5), (2, 17), (2, 19), (3, 2), (3, 5), (3, 17), (3, 19), (5, 2), (5, 3), (5, 17), (5, 19), (17, 2), (17, 3), (17, 5), (17, 19)]
Extra edge: 2 19
False ('J3', 13) [(2, 3), (2, 5), (2, 17), (2, 19), (5, 2), (5, 3), (5, 17), (5, 19), (17, 2), (17, 3), (17, 5), (17, 19)]
Extra edge: 2 19
False ('J3', 14) [(2, 3), (2, 5), (2, 17), (2, 19), (5, 2), (5, 3), (5, 17), (5, 19), (17, 2), (17, 3), (17, 5), (17, 19)]
Extra edge: 5 17
False ('J3', 15) [(5, 2), (5, 3), (5, 17), (5, 19), (17, 2), (17, 3), (17, 5), (17, 19)]
Extra edge: 17 3
False ('J3', 16) [(17, 2), (17, 3), (17, 5), (17, 19)]
Extra edge: 17 3
False ('J3', 17) [(17, 2), (17, 3), (17, 5), (17, 19)]
Extra edge: 17 3
False ('J3', 18) [(17, 2), (17, 3), (17, 5), (17, 19)]
Extra edge: 17 3
False ('J3', 19) [(17, 2), (17, 3), (17, 5), (17, 19)]
Extra edge: 2 19
False ('J3.2', 1) [(2, 3), (2, 5), (2, 17), (2, 19), (3, 2), (3, 5), (3, 17), (3, 19), (5, 2), (5, 3), (5, 17), (5, 19), (17, 2), (17, 3), (17, 5), (17, 19)]
Extra edge: 2 19
False ('J3.2', 2) [(2, 3), (2, 5), (2, 17), (2, 19), (3, 2), (3, 5), (3, 17), (3, 19), (5, 2), (5, 3), (5, 17), (5, 19), (17, 2), (17, 3), (17, 5), (17, 19)]
Extra edge: 2 19
False ('J3.2', 3) [(2, 3), (2, 5), (2, 17), (2, 19), (3, 2), (3, 5), (3, 17), (5, 2), (5, 3), (5, 17), (5, 19), (17, 2), (17, 3), (17, 5), (17, 19)]
Extra edge: 2 19
False ('J3.2', 4) [(2, 3), (2, 5), (2, 17), (2, 19), (3, 2), (3, 5), (3, 17), (3, 19), (5, 2), (5, 3), (5, 17), (5, 19), (17, 2), (17, 3), (17, 5), (17, 19)]
Extra edge: 2 19
False ('J3.2', 5) [(2, 3), (2, 5), (2, 17), (2, 19), (3, 2), (3, 5), (3, 17), (3, 19), (5, 2), (5, 3), (5, 17), (5, 19), (17, 2), (17, 3), (17, 5), (17, 19)]
Extra edge: 2 19
False ('J3.2', 6) [(2, 3), (2, 5), (2, 17), (2, 19), (3, 2), (3, 5), (3, 17), (3, 19), (5, 2), (5, 3), (5, 17), (5, 19), (17, 2), (17, 3), (17, 5), (17, 19)]
Extra edge: 2 19
False ('J3.2', 7) [(2, 3), (2, 5), (2, 17), (2, 19), (3, 2), (3, 5), (3, 17), (3, 19), (5, 2), (5, 3), (5, 17), (5, 19), (17, 2), (17, 3), (17, 5), (17, 19)]
Extra edge: 2 19
False ('J3.2', 8) [(2, 3), (2, 5), (2, 17), (2, 19), (3, 2), (3, 5), (3, 17), (3, 19), (5, 2), (5, 3), (5, 17), (5, 19), (17, 2), (17, 3), (17, 5), (17, 19)]
Extra edge: 2 19
False ('J3.2', 9) [(2, 3), (2, 5), (2, 17), (2, 19), (3, 2), (3, 5), (3, 17), (3, 19), (5, 2), (5, 3), (5, 17), (5, 19), (17, 2), (17, 3), (17, 5), (17, 19)]
Extra edge: 2 19
False ('J3.2', 10) [(2, 3), (2, 5), (2, 17), (2, 19), (3, 2), (3, 5), (3, 17), (3, 19), (5, 2), (5, 3), (5, 17), (5, 19), (17, 2), (17, 3), (17, 5), (17, 19)]
Extra edge: 2 19
False ('J3.2', 11) [(2, 3), (2, 5), (2, 17), (2, 19), (3, 2), (3, 5), (3, 17), (3, 19), (5, 2), (5, 3), (5, 17), (5, 19), (17, 2), (17, 3), (17, 5), (17, 19)]
Extra edge: 3 17
False ('J3.2', 12) [(3, 2), (3, 5), (3, 17), (3, 19), (5, 2), (5, 3), (5, 17), (5, 19), (17, 2), (17, 3), (17, 5), (17, 19)]
Extra edge: 3 17
False ('J3.2', 13) [(3, 2), (3, 5), (3, 17), (3, 19), (5, 2), (5, 3), (5, 17), (5, 19), (17, 2), (17, 3), (17, 5), (17, 19)]
Extra edge: 3 17
False ('J3.2', 14) [(3, 2), (3, 5), (3, 17), (3, 19), (5, 2), (5, 3), (5, 17), (5, 19), (17, 2), (17, 3), (17, 5), (17, 19)]
Extra edge: 3 17
False ('J3.2', 15) [(3, 2), (3, 5), (3, 17), (3, 19), (5, 2), (5, 3), (5, 17), (5, 19), (17, 2), (17, 3), (17, 5), (17, 19)]
Extra edge: 5 17
False ('J3.2', 16) [(5, 2), (5, 3), (5, 17), (5, 19), (17, 2), (17, 3), (17, 5), (17, 19)]
Extra edge: 5 17
False ('J3.2', 17) [(5, 2), (5, 3), (5, 17), (5, 19), (17, 2), (17, 3), (17, 5), (17, 19)]
Extra edge: 5 17
False ('J3.2', 18) [(5, 2), (5, 3), (5, 17), (5, 19), (17, 2), (17, 3), (17, 5), (17, 19)]
Extra edge: 5 17
False ('J3.2', 19) [(5, 2), (5, 3), (5, 17), (5, 19), (17, 2), (17, 3), (17, 5), (17, 19)]
Extra edge: 5 17
False ('J3.2', 20) [(5, 2), (5, 3), (5, 17), (5, 19), (17, 2), (17, 3), (17, 5), (17, 19)]
Extra edge: 5 17
False ('J3.2', 21) [(5, 2), (5, 3), (5, 17), (5, 19), (17, 2), (17, 3), (17, 5), (17, 19)]
Extra edge: 5 17
False ('J3.2', 22) [(5, 2), (5, 3), (5, 17), (5, 19), (17, 2), (17, 3), (17, 5), (17, 19)]
Extra edge: 5 17
False ('J3.2', 23) [(5, 2), (5, 3), (5, 17), (5, 19), (17, 2), (17, 3), (17, 5), (17, 19)]
Extra edge: 5 17
False ('J3.2', 24) [(5, 2), (5, 3), (5, 17), (5, 19), (17, 2), (17, 3), (17, 5), (17, 19)]
Extra edge: 5 17
False ('J3.2', 25) [(5, 2), (5, 3), (5, 17), (5, 19), (17, 2), (17, 3), (17, 5), (17, 19)]
Extra edge: 5 17
False ('J3.2', 26) [(5, 2), (5, 3), (5, 17), (5, 19), (17, 2), (17, 3), (17, 5), (17, 19)]
Extra edge: 5 17
False ('J3.2', 27) [(5, 2), (5, 3), (5, 17), (5, 19)]
Extra edge: 11 5
False ('Fi24', 1) [(11, 2), (11, 3), (11, 5), (11, 7), (11, 13), (11, 17), (11, 23), (11, 29), (13, 2), (13, 3), (13, 5), (13, 7), (13, 11), (13, 17), (13, 23), (13, 29), (17, 2), (17, 3), (17, 5), (17, 7), (17, 11), (17, 13), (17, 23), (17, 29), (23, 2), (23, 3), (23, 5), (23, 7), (23, 11), (23, 13), (23, 17), (23, 29)]
Extra edge: 11 5
False ('Fi24', 2) [(11, 2), (11, 3), (11, 5), (11, 7), (11, 13), (11, 17), (11, 23), (11, 29), (13, 2), (13, 3), (13, 5), (13, 7), (13, 11), (13, 17), (13, 23), (13, 29), (17, 2), (17, 3), (17, 5), (17, 7), (17, 11), (17, 13), (17, 23), (17, 29), (23, 2), (23, 3), (23, 5), (23, 7), (23, 11), (23, 13), (23, 17), (23, 29)]
Extra edge: 11 5
False ('Fi24', 3) [(11, 2), (11, 3), (11, 5), (11, 7), (11, 13), (11, 17), (11, 23), (11, 29), (13, 2), (13, 3), (13, 5), (13, 7), (13, 11), (13, 17), (13, 23), (13, 29), (17, 2), (17, 3), (17, 5), (17, 7), (17, 11), (17, 13), (17, 23), (17, 29), (23, 2), (23, 3), (23, 5), (23, 7), (23, 11), (23, 13), (23, 17), (23, 29)]
Extra edge: 11 5
False ('Fi24', 4) [(11, 2), (11, 3), (11, 5), (11, 7), (11, 13), (11, 17), (11, 23), (11, 29), (13, 2), (13, 3), (13, 5), (13, 7), (13, 11), (13, 17), (13, 23), (13, 29), (17, 2), (17, 3), (17, 5), (17, 7), (17, 11), (17, 13), (17, 23), (17, 29), (23, 2), (23, 3), (23, 5), (23, 7), (23, 11), (23, 13), (23, 17), (23, 29)]
Extra edge: 11 5
False ('Fi24', 5) [(11, 2), (11, 3), (11, 5), (11, 7), (11, 13), (11, 17), (11, 23), (11, 29), (13, 2), (13, 3), (13, 5), (13, 7), (13, 11), (13, 17), (13, 23), (13, 29), (17, 2), (17, 3), (17, 5), (17, 7), (17, 11), (17, 13), (17, 23), (17, 29), (23, 2), (23, 3), (23, 5), (23, 7), (23, 11), (23, 13), (23, 17), (23, 29)]
Extra edge: 11 5
False ('Fi24', 6) [(11, 2), (11, 3), (11, 5), (11, 7), (11, 13), (11, 17), (11, 23), (11, 29), (13, 2), (13, 3), (13, 5), (13, 7), (13, 11), (13, 17), (13, 23), (13, 29), (17, 2), (17, 3), (17, 5), (17, 7), (17, 11), (17, 13), (17, 23), (17, 29), (23, 2), (23, 3), (23, 5), (23, 7), (23, 11), (23, 13), (23, 17), (23, 29)]
Extra edge: 11 5
False ('Fi24', 7) [(11, 2), (11, 3), (11, 5), (11, 7), (11, 13), (11, 17), (11, 23), (11, 29), (13, 2), (13, 3), (13, 5), (13, 7), (13, 11), (13, 17), (13, 23), (13, 29), (17, 2), (17, 3), (17, 5), (17, 7), (17, 11), (17, 13), (17, 23), (17, 29), (23, 2), (23, 3), (23, 5), (23, 7), (23, 11), (23, 13), (23, 17), (23, 29)]
Extra edge: 11 5
False ('Fi24', 8) [(11, 2), (11, 3), (11, 5), (11, 7), (11, 13), (11, 17), (11, 23), (11, 29), (13, 2), (13, 3), (13, 5), (13, 7), (13, 11), (13, 17), (13, 23), (13, 29), (17, 2), (17, 3), (17, 5), (17, 7), (17, 11), (17, 13), (17, 23), (17, 29), (23, 2), (23, 3), (23, 5), (23, 7), (23, 11), (23, 13), (23, 17), (23, 29)]
Extra edge: 11 5
False ('Fi24', 9) [(11, 2), (11, 3), (11, 5), (11, 7), (11, 13), (11, 17), (11, 23), (11, 29), (13, 2), (13, 3), (13, 5), (13, 7), (13, 11), (13, 17), (13, 23), (13, 29), (17, 2), (17, 3), (17, 5), (17, 7), (17, 11), (17, 13), (17, 23), (17, 29), (23, 2), (23, 3), (23, 5), (23, 7), (23, 11), (23, 13), (23, 17), (23, 29)]
Extra edge: 11 5
False ('Fi24', 10) [(11, 2), (11, 3), (11, 5), (11, 7), (11, 13), (11, 17), (11, 23), (11, 29), (13, 2), (13, 3), (13, 5), (13, 7), (13, 11), (13, 17), (13, 23), (13, 29), (17, 2), (17, 3), (17, 5), (17, 7), (17, 11), (17, 13), (17, 23), (17, 29), (23, 2), (23, 3), (23, 5), (23, 7), (23, 11), (23, 13), (23, 17), (23, 29)]
Extra edge: 11 5
False ('Fi24', 11) [(11, 2), (11, 3), (11, 5), (11, 7), (11, 13), (11, 17), (11, 23), (11, 29), (13, 2), (13, 3), (13, 5), (13, 7), (13, 11), (13, 17), (13, 23), (13, 29), (17, 2), (17, 3), (17, 5), (17, 7), (17, 11), (17, 13), (17, 23), (17, 29), (23, 2), (23, 3), (23, 5), (23, 7), (23, 11), (23, 13), (23, 17), (23, 29)]
Extra edge: 11 5
False ('Fi24', 12) [(11, 2), (11, 3), (11, 5), (11, 7), (11, 13), (11, 17), (11, 23), (11, 29), (13, 2), (13, 3), (13, 5), (13, 7), (13, 11), (13, 17), (13, 23), (13, 29), (17, 2), (17, 3), (17, 5), (17, 7), (17, 11), (17, 13), (17, 23), (17, 29), (23, 2), (23, 3), (23, 5), (23, 7), (23, 11), (23, 13), (23, 17), (23, 29)]
Extra edge: 11 5
False ('Fi24', 13) [(11, 2), (11, 3), (11, 5), (11, 7), (11, 13), (11, 17), (11, 23), (11, 29), (13, 2), (13, 3), (13, 5), (13, 7), (13, 11), (13, 17), (13, 23), (13, 29), (17, 2), (17, 3), (17, 5), (17, 7), (17, 11), (17, 13), (17, 23), (17, 29), (23, 2), (23, 3), (23, 5), (23, 7), (23, 11), (23, 13), (23, 17), (23, 29)]
Extra edge: 11 5
False ('Fi24', 14) [(11, 2), (11, 3), (11, 5), (11, 7), (11, 13), (11, 17), (11, 23), (11, 29), (13, 2), (13, 3), (13, 5), (13, 7), (13, 11), (13, 17), (13, 23), (13, 29), (17, 2), (17, 3), (17, 5), (17, 7), (17, 11), (17, 13), (17, 23), (17, 29), (23, 2), (23, 3), (23, 5), (23, 7), (23, 11), (23, 13), (23, 17), (23, 29)]
Extra edge: 11 5
False ('Fi24', 15) [(11, 2), (11, 3), (11, 5), (11, 7), (11, 13), (11, 17), (11, 23), (11, 29), (13, 2), (13, 3), (13, 5), (13, 7), (13, 11), (13, 17), (13, 23), (13, 29), (17, 2), (17, 3), (17, 5), (17, 7), (17, 11), (17, 13), (17, 23), (17, 29), (23, 2), (23, 3), (23, 5), (23, 7), (23, 11), (23, 13), (23, 17), (23, 29)]
Extra edge: 11 5
False ('Fi24', 16) [(11, 2), (11, 3), (11, 5), (11, 7), (11, 13), (11, 17), (11, 23), (11, 29), (13, 2), (13, 3), (13, 5), (13, 7), (13, 11), (13, 17), (13, 23), (13, 29), (17, 2), (17, 3), (17, 5), (17, 7), (17, 11), (17, 13), (17, 23), (17, 29), (23, 2), (23, 3), (23, 5), (23, 7), (23, 11), (23, 13), (23, 17), (23, 29)]
Extra edge: 11 5
False ('Fi24', 17) [(11, 2), (11, 3), (11, 5), (11, 7), (11, 13), (11, 17), (11, 23), (11, 29), (13, 2), (13, 3), (13, 5), (13, 7), (13, 11), (13, 17), (13, 23), (13, 29), (17, 2), (17, 3), (17, 5), (17, 7), (17, 11), (17, 13), (17, 23), (17, 29), (23, 2), (23, 3), (23, 5), (23, 7), (23, 11), (23, 13), (23, 17), (23, 29)]
Extra edge: 11 5
False ('Fi24', 18) [(11, 2), (11, 3), (11, 5), (11, 7), (11, 13), (11, 17), (11, 23), (11, 29), (13, 2), (13, 3), (13, 5), (13, 7), (13, 11), (13, 17), (13, 23), (13, 29), (17, 2), (17, 3), (17, 5), (17, 7), (17, 11), (17, 13), (17, 23), (17, 29), (23, 2), (23, 3), (23, 5), (23, 7), (23, 11), (23, 13), (23, 17), (23, 29)]
Extra edge: 11 5
False ('Fi24', 19) [(11, 2), (11, 3), (11, 5), (11, 7), (11, 13), (11, 17), (11, 23), (11, 29), (13, 2), (13, 3), (13, 5), (13, 7), (13, 11), (13, 17), (13, 23), (13, 29), (17, 2), (17, 3), (17, 5), (17, 7), (17, 11), (17, 13), (17, 23), (17, 29), (23, 2), (23, 3), (23, 5), (23, 7), (23, 11), (23, 13), (23, 17), (23, 29)]
Extra edge: 11 5
False ('Fi24', 20) [(11, 2), (11, 3), (11, 5), (11, 7), (11, 13), (11, 17), (11, 23), (11, 29), (13, 2), (13, 3), (13, 5), (13, 7), (13, 11), (13, 17), (13, 23), (13, 29), (17, 2), (17, 3), (17, 5), (17, 7), (17, 11), (17, 13), (17, 23), (17, 29), (23, 2), (23, 3), (23, 5), (23, 7), (23, 11), (23, 13), (23, 17), (23, 29)]
Extra edge: 11 5
False ('Fi24', 21) [(11, 2), (11, 3), (11, 5), (11, 7), (11, 13), (11, 17), (11, 23), (11, 29), (13, 2), (13, 3), (13, 5), (13, 7), (13, 11), (13, 17), (13, 23), (13, 29), (17, 2), (17, 3), (17, 5), (17, 7), (17, 11), (17, 13), (17, 23), (17, 29), (23, 2), (23, 3), (23, 5), (23, 7), (23, 11), (23, 13), (23, 17), (23, 29)]
Extra edge: 11 5
False ('Fi24', 22) [(11, 2), (11, 3), (11, 5), (11, 7), (11, 13), (11, 17), (11, 23), (11, 29), (13, 2), (13, 3), (13, 5), (13, 7), (13, 11), (13, 17), (13, 23), (13, 29), (17, 2), (17, 3), (17, 5), (17, 7), (17, 11), (17, 13), (17, 23), (17, 29), (23, 2), (23, 3), (23, 5), (23, 7), (23, 11), (23, 13), (23, 17), (23, 29)]
Extra edge: 11 5
False ('Fi24', 23) [(11, 2), (11, 3), (11, 5), (11, 7), (11, 13), (11, 17), (11, 23), (11, 29), (13, 2), (13, 3), (13, 5), (13, 7), (13, 11), (13, 17), (13, 23), (13, 29), (17, 2), (17, 3), (17, 5), (17, 7), (17, 11), (17, 13), (17, 23), (17, 29), (23, 2), (23, 3), (23, 5), (23, 7), (23, 11), (23, 13), (23, 17), (23, 29)]
Extra edge: 11 5
False ('Fi24', 24) [(11, 2), (11, 3), (11, 5), (11, 7), (11, 13), (11, 17), (11, 23), (11, 29), (13, 2), (13, 3), (13, 5), (13, 7), (13, 11), (13, 17), (13, 23), (13, 29), (17, 2), (17, 3), (17, 5), (17, 7), (17, 11), (17, 13), (17, 23), (17, 29), (23, 2), (23, 3), (23, 5), (23, 7), (23, 11), (23, 13), (23, 17), (23, 29)]
Extra edge: 11 5
False ('Fi24', 25) [(11, 2), (11, 3), (11, 5), (11, 7), (11, 13), (11, 17), (11, 23), (11, 29), (13, 2), (13, 3), (13, 5), (13, 7), (13, 11), (13, 17), (13, 23), (13, 29), (17, 2), (17, 3), (17, 5), (17, 7), (17, 11), (17, 13), (17, 23), (17, 29), (23, 2), (23, 3), (23, 5), (23, 7), (23, 11), (23, 13), (23, 17), (23, 29)]
Extra edge: 11 5
False ('Fi24', 26) [(11, 2), (11, 3), (11, 5), (11, 7), (11, 13), (11, 17), (11, 23), (11, 29), (13, 2), (13, 3), (13, 5), (13, 7), (13, 11), (13, 17), (13, 23), (13, 29), (17, 2), (17, 3), (17, 5), (17, 7), (17, 11), (17, 13), (17, 23), (17, 29), (23, 2), (23, 3), (23, 5), (23, 7), (23, 11), (23, 13), (23, 17), (23, 29)]
Extra edge: 11 5
False ('Fi24', 27) [(11, 2), (11, 3), (11, 5), (11, 7), (11, 13), (11, 17), (11, 23), (11, 29), (13, 2), (13, 3), (13, 5), (13, 7), (13, 11), (13, 17), (13, 23), (13, 29), (17, 2), (17, 3), (17, 5), (17, 7), (17, 11), (17, 13), (17, 23), (17, 29), (23, 2), (23, 3), (23, 5), (23, 7), (23, 11), (23, 13), (23, 17), (23, 29)]
Extra edge: 11 5
False ('Fi24', 28) [(11, 2), (11, 3), (11, 5), (11, 7), (11, 13), (11, 17), (11, 23), (11, 29), (13, 2), (13, 3), (13, 5), (13, 7), (13, 11), (13, 17), (13, 23), (13, 29), (17, 2), (17, 3), (17, 5), (17, 7), (17, 11), (17, 13), (17, 23), (17, 29), (23, 2), (23, 3), (23, 5), (23, 7), (23, 11), (23, 13), (23, 17), (23, 29)]
Extra edge: 11 5
False ('Fi24', 29) [(11, 2), (11, 3), (11, 5), (11, 7), (11, 13), (11, 17), (11, 23), (11, 29), (13, 2), (13, 3), (13, 5), (13, 7), (13, 11), (13, 17), (13, 23), (13, 29), (17, 2), (17, 3), (17, 5), (17, 7), (17, 11), (17, 13), (17, 23), (17, 29), (23, 2), (23, 3), (23, 5), (23, 7), (23, 11), (23, 13), (23, 17), (23, 29)]
Extra edge: 11 5
False ('Fi24', 30) [(11, 2), (11, 3), (11, 5), (11, 7), (11, 13), (11, 17), (11, 23), (11, 29), (13, 2), (13, 3), (13, 5), (13, 7), (13, 11), (13, 17), (13, 23), (13, 29), (17, 2), (17, 3), (17, 5), (17, 7), (17, 11), (17, 13), (17, 23), (17, 29), (23, 2), (23, 3), (23, 5), (23, 7), (23, 11), (23, 13), (23, 17), (23, 29)]
Extra edge: 11 5
False ('Fi24', 31) [(11, 2), (11, 3), (11, 5), (11, 7), (11, 13), (11, 17), (11, 23), (11, 29), (13, 2), (13, 3), (13, 5), (13, 7), (13, 11), (13, 17), (13, 23), (13, 29), (17, 2), (17, 3), (17, 5), (17, 7), (17, 11), (17, 13), (17, 23), (17, 29), (23, 2), (23, 3), (23, 5), (23, 7), (23, 11), (23, 13), (23, 17), (23, 29)]
Extra edge: 11 5
False ('Fi24', 32) [(11, 2), (11, 3), (11, 5), (11, 7), (11, 13), (11, 17), (11, 23), (11, 29), (13, 2), (13, 3), (13, 5), (13, 7), (13, 11), (13, 17), (13, 23), (13, 29), (17, 2), (17, 3), (17, 5), (17, 7), (17, 11), (17, 13), (17, 23), (17, 29), (23, 2), (23, 3), (23, 5), (23, 7), (23, 11), (23, 13), (23, 17), (23, 29)]
Extra edge: 11 5
False ('Fi24', 33) [(11, 2), (11, 3), (11, 5), (11, 7), (11, 13), (11, 17), (11, 23), (11, 29), (13, 2), (13, 3), (13, 5), (13, 7), (13, 11), (13, 17), (13, 23), (13, 29), (17, 2), (17, 3), (17, 5), (17, 7), (17, 11), (17, 13), (17, 23), (17, 29), (23, 2), (23, 3), (23, 5), (23, 7), (23, 11), (23, 13), (23, 17), (23, 29)]
Extra edge: 11 5
False ('Fi24', 34) [(11, 2), (11, 3), (11, 5), (11, 7), (11, 13), (11, 17), (11, 23), (11, 29), (13, 2), (13, 3), (13, 5), (13, 7), (13, 11), (13, 17), (13, 23), (13, 29), (17, 2), (17, 3), (17, 5), (17, 7), (17, 11), (17, 13), (17, 23), (17, 29), (23, 2), (23, 3), (23, 5), (23, 7), (23, 11), (23, 13), (23, 17), (23, 29)]
Extra edge: 11 5
False ('Fi24', 35) [(11, 2), (11, 3), (11, 5), (11, 7), (11, 13), (11, 17), (11, 23), (11, 29), (13, 2), (13, 3), (13, 5), (13, 7), (13, 11), (13, 17), (13, 23), (13, 29), (17, 2), (17, 3), (17, 5), (17, 7), (17, 11), (17, 13), (17, 23), (17, 29), (23, 2), (23, 3), (23, 5), (23, 7), (23, 11), (23, 13), (23, 17), (23, 29)]
Extra edge: 11 5
False ('Fi24', 36) [(11, 2), (11, 3), (11, 5), (11, 7), (11, 13), (11, 17), (11, 23), (11, 29), (13, 2), (13, 3), (13, 5), (13, 7), (13, 11), (13, 17), (13, 23), (13, 29), (17, 2), (17, 3), (17, 5), (17, 7), (17, 11), (17, 13), (17, 23), (17, 29), (23, 2), (23, 3), (23, 5), (23, 7), (23, 11), (23, 13), (23, 17), (23, 29)]
Extra edge: 11 5
False ('Fi24', 37) [(11, 2), (11, 3), (11, 5), (11, 7), (11, 13), (11, 17), (11, 23), (11, 29), (13, 2), (13, 3), (13, 5), (13, 7), (13, 11), (13, 17), (13, 23), (13, 29), (17, 2), (17, 3), (17, 5), (17, 7), (17, 11), (17, 13), (17, 23), (17, 29), (23, 2), (23, 3), (23, 5), (23, 7), (23, 11), (23, 13), (23, 17), (23, 29)]
Extra edge: 11 5
False ('Fi24', 38) [(11, 2), (11, 3), (11, 5), (11, 7), (11, 13), (11, 17), (11, 23), (11, 29), (13, 2), (13, 3), (13, 5), (13, 7), (13, 11), (13, 17), (13, 23), (13, 29), (17, 2), (17, 3), (17, 5), (17, 7), (17, 11), (17, 13), (17, 23), (17, 29), (23, 2), (23, 3), (23, 5), (23, 7), (23, 11), (23, 13), (23, 17), (23, 29)]
Extra edge: 11 5
False ('Fi24', 39) [(11, 2), (11, 3), (11, 5), (11, 7), (11, 13), (11, 17), (11, 23), (11, 29), (13, 2), (13, 3), (13, 5), (13, 7), (13, 11), (13, 17), (13, 23), (13, 29), (17, 2), (17, 3), (17, 5), (17, 7), (17, 11), (17, 13), (17, 23), (17, 29), (23, 2), (23, 3), (23, 5), (23, 7), (23, 11), (23, 13), (23, 17), (23, 29)]
Extra edge: 11 5
False ('Fi24', 40) [(11, 2), (11, 3), (11, 5), (11, 7), (11, 13), (11, 17), (11, 23), (11, 29), (13, 2), (13, 3), (13, 5), (13, 7), (13, 11), (13, 17), (13, 23), (13, 29), (17, 2), (17, 3), (17, 5), (17, 7), (17, 11), (17, 13), (17, 23), (17, 29), (23, 2), (23, 3), (23, 5), (23, 7), (23, 11), (23, 13), (23, 17), (23, 29)]
Extra edge: 11 5
False ('Fi24', 41) [(11, 2), (11, 3), (11, 5), (11, 7), (11, 13), (11, 17), (11, 23), (11, 29), (13, 2), (13, 3), (13, 5), (13, 7), (13, 11), (13, 17), (13, 23), (13, 29), (17, 2), (17, 3), (17, 5), (17, 7), (17, 11), (17, 13), (17, 23), (17, 29), (23, 2), (23, 3), (23, 5), (23, 7), (23, 11), (23, 13), (23, 17), (23, 29)]
Extra edge: 11 5
False ('Fi24', 42) [(11, 2), (11, 3), (11, 5), (11, 7), (11, 13), (11, 17), (11, 23), (11, 29), (13, 2), (13, 3), (13, 5), (13, 7), (13, 11), (13, 17), (13, 23), (13, 29), (17, 2), (17, 3), (17, 5), (17, 7), (17, 11), (17, 13), (17, 23), (17, 29), (23, 2), (23, 3), (23, 5), (23, 7), (23, 11), (23, 13), (23, 17), (23, 29)]
Extra edge: 11 5
False ('Fi24', 43) [(11, 2), (11, 3), (11, 5), (11, 7), (11, 13), (11, 17), (11, 23), (11, 29), (13, 2), (13, 3), (13, 5), (13, 7), (13, 11), (13, 17), (13, 23), (13, 29), (17, 2), (17, 3), (17, 5), (17, 7), (17, 11), (17, 13), (17, 23), (17, 29), (23, 2), (23, 3), (23, 5), (23, 7), (23, 11), (23, 13), (23, 17), (23, 29)]
Extra edge: 11 5
False ('Fi24', 44) [(11, 2), (11, 3), (11, 5), (11, 7), (11, 13), (11, 17), (11, 23), (11, 29), (13, 2), (13, 3), (13, 5), (13, 7), (13, 11), (13, 17), (13, 23), (13, 29), (17, 2), (17, 3), (17, 5), (17, 7), (17, 11), (17, 13), (17, 23), (17, 29), (23, 2), (23, 3), (23, 5), (23, 7), (23, 11), (23, 13), (23, 17), (23, 29)]
Extra edge: 11 5
False ('Fi24', 45) [(11, 2), (11, 3), (11, 5), (11, 7), (11, 13), (11, 17), (11, 23), (11, 29), (13, 2), (13, 3), (13, 5), (13, 7), (13, 11), (13, 17), (13, 23), (13, 29), (17, 2), (17, 3), (17, 5), (17, 7), (17, 11), (17, 13), (17, 23), (17, 29), (23, 2), (23, 3), (23, 5), (23, 7), (23, 11), (23, 13), (23, 17), (23, 29)]
Extra edge: 11 5
False ('Fi24', 46) [(11, 2), (11, 3), (11, 5), (11, 7), (11, 13), (11, 17), (11, 23), (11, 29), (13, 2), (13, 3), (13, 5), (13, 7), (13, 11), (13, 17), (13, 23), (13, 29), (17, 2), (17, 3), (17, 5), (17, 7), (17, 11), (17, 13), (17, 23), (17, 29), (23, 2), (23, 3), (23, 5), (23, 7), (23, 11), (23, 13), (23, 17), (23, 29)]
Extra edge: 11 5
False ('Fi24', 47) [(11, 2), (11, 3), (11, 5), (11, 7), (11, 13), (11, 17), (11, 23), (11, 29), (13, 2), (13, 3), (13, 5), (13, 7), (13, 11), (13, 17), (13, 23), (13, 29), (17, 2), (17, 3), (17, 5), (17, 7), (17, 11), (17, 13), (17, 23), (17, 29), (23, 2), (23, 3), (23, 5), (23, 7), (23, 11), (23, 13), (23, 17), (23, 29)]
Extra edge: 11 5
False ('Fi24', 48) [(11, 2), (11, 3), (11, 5), (11, 7), (11, 13), (11, 17), (11, 23), (11, 29), (13, 2), (13, 3), (13, 5), (13, 7), (13, 11), (13, 17), (13, 23), (13, 29), (17, 2), (17, 3), (17, 5), (17, 7), (17, 11), (17, 13), (17, 23), (17, 29), (23, 2), (23, 3), (23, 5), (23, 7), (23, 11), (23, 13), (23, 17), (23, 29)]
Extra edge: 11 5
False ('Fi24', 49) [(11, 2), (11, 3), (11, 5), (11, 7), (11, 13), (11, 17), (11, 23), (11, 29), (13, 2), (13, 3), (13, 5), (13, 7), (13, 11), (13, 17), (13, 23), (13, 29), (17, 2), (17, 3), (17, 5), (17, 7), (17, 11), (17, 13), (17, 23), (17, 29), (23, 2), (23, 3), (23, 5), (23, 7), (23, 11), (23, 13), (23, 17), (23, 29)]
Extra edge: 11 5
False ('Fi24', 50) [(11, 2), (11, 3), (11, 5), (11, 7), (11, 13), (11, 17), (11, 23), (11, 29), (13, 2), (13, 3), (13, 5), (13, 7), (13, 11), (13, 17), (13, 23), (13, 29), (17, 2), (17, 3), (17, 5), (17, 7), (17, 11), (17, 13), (17, 23), (17, 29), (23, 2), (23, 3), (23, 5), (23, 7), (23, 11), (23, 13), (23, 17), (23, 29)]
Extra edge: 11 5
False ('Fi24', 51) [(11, 2), (11, 3), (11, 5), (11, 7), (11, 13), (11, 17), (11, 23), (11, 29), (13, 2), (13, 3), (13, 5), (13, 7), (13, 11), (13, 17), (13, 23), (13, 29), (17, 2), (17, 3), (17, 5), (17, 7), (17, 11), (17, 13), (17, 23), (17, 29), (23, 2), (23, 3), (23, 5), (23, 7), (23, 11), (23, 13), (23, 17), (23, 29)]
Extra edge: 11 5
False ('Fi24', 52) [(11, 2), (11, 3), (11, 5), (11, 7), (11, 13), (11, 17), (11, 23), (11, 29), (13, 2), (13, 3), (13, 5), (13, 7), (13, 11), (13, 17), (13, 23), (13, 29), (17, 2), (17, 3), (17, 5), (17, 7), (17, 11), (17, 13), (17, 23), (17, 29), (23, 2), (23, 3), (23, 5), (23, 7), (23, 11), (23, 13), (23, 17), (23, 29)]
Extra edge: 11 5
False ('Fi24', 53) [(11, 2), (11, 3), (11, 5), (11, 7), (11, 13), (11, 17), (11, 23), (11, 29), (13, 2), (13, 3), (13, 5), (13, 7), (13, 11), (13, 17), (13, 23), (13, 29), (17, 2), (17, 3), (17, 5), (17, 7), (17, 11), (17, 13), (17, 23), (17, 29), (23, 2), (23, 3), (23, 5), (23, 7), (23, 11), (23, 13), (23, 17), (23, 29)]
Extra edge: 11 5
False ('Fi24', 54) [(11, 2), (11, 3), (11, 5), (11, 7), (11, 13), (11, 17), (11, 23), (11, 29), (13, 2), (13, 3), (13, 5), (13, 7), (13, 11), (13, 17), (13, 23), (13, 29), (17, 2), (17, 3), (17, 5), (17, 7), (17, 11), (17, 13), (17, 23), (17, 29), (23, 2), (23, 3), (23, 5), (23, 7), (23, 11), (23, 13), (23, 17), (23, 29)]
Extra edge: 11 5
False ('Fi24', 55) [(11, 2), (11, 3), (11, 5), (11, 7), (11, 13), (11, 17), (11, 23), (11, 29), (13, 2), (13, 3), (13, 5), (13, 7), (13, 11), (13, 17), (13, 23), (13, 29), (17, 2), (17, 3), (17, 5), (17, 7), (17, 11), (17, 13), (17, 23), (17, 29), (23, 2), (23, 3), (23, 5), (23, 7), (23, 11), (23, 13), (23, 17), (23, 29)]
Extra edge: 11 5
False ('Fi24', 56) [(11, 2), (11, 3), (11, 5), (11, 7), (11, 13), (11, 17), (11, 23), (11, 29), (13, 2), (13, 3), (13, 5), (13, 7), (13, 11), (13, 17), (13, 23), (13, 29), (17, 2), (17, 3), (17, 5), (17, 7), (17, 11), (17, 13), (17, 23), (17, 29), (23, 2), (23, 3), (23, 5), (23, 7), (23, 11), (23, 13), (23, 17), (23, 29)]
Extra edge: 11 5
False ('Fi24', 57) [(11, 2), (11, 3), (11, 5), (11, 7), (11, 13), (11, 17), (11, 23), (11, 29), (13, 2), (13, 3), (13, 5), (13, 7), (13, 11), (13, 17), (13, 23), (13, 29), (17, 2), (17, 3), (17, 5), (17, 7), (17, 11), (17, 13), (17, 23), (17, 29), (23, 2), (23, 3), (23, 5), (23, 7), (23, 11), (23, 13), (23, 17), (23, 29)]
Extra edge: 11 5
False ('Fi24', 58) [(11, 2), (11, 3), (11, 5), (11, 7), (11, 13), (11, 17), (11, 23), (11, 29), (13, 2), (13, 3), (13, 5), (13, 7), (13, 11), (13, 17), (13, 23), (13, 29), (17, 2), (17, 3), (17, 5), (17, 7), (17, 11), (17, 13), (17, 23), (17, 29), (23, 2), (23, 3), (23, 5), (23, 7), (23, 11), (23, 13), (23, 17), (23, 29)]
Extra edge: 11 5
False ('Fi24', 59) [(11, 2), (11, 3), (11, 5), (11, 7), (11, 13), (11, 17), (11, 23), (11, 29), (13, 2), (13, 3), (13, 5), (13, 7), (13, 11), (13, 17), (13, 23), (13, 29), (17, 2), (17, 3), (17, 5), (17, 7), (17, 11), (17, 13), (17, 23), (17, 29), (23, 2), (23, 3), (23, 5), (23, 7), (23, 11), (23, 13), (23, 17), (23, 29)]
Extra edge: 11 5
False ('Fi24', 60) [(11, 2), (11, 3), (11, 5), (11, 7), (11, 13), (11, 17), (11, 23), (11, 29), (13, 2), (13, 3), (13, 5), (13, 7), (13, 11), (13, 17), (13, 23), (13, 29), (17, 2), (17, 3), (17, 5), (17, 7), (17, 11), (17, 13), (17, 23), (17, 29), (23, 2), (23, 3), (23, 5), (23, 7), (23, 11), (23, 13), (23, 17), (23, 29)]
Extra edge: 11 5
False ('Fi24', 61) [(11, 2), (11, 3), (11, 5), (11, 7), (11, 13), (11, 17), (11, 23), (11, 29), (13, 2), (13, 3), (13, 5), (13, 7), (13, 11), (13, 17), (13, 23), (13, 29), (17, 2), (17, 3), (17, 5), (17, 7), (17, 11), (17, 13), (17, 23), (17, 29), (23, 2), (23, 3), (23, 5), (23, 7), (23, 11), (23, 13), (23, 17), (23, 29)]
Extra edge: 11 5
False ('Fi24', 62) [(11, 2), (11, 3), (11, 5), (11, 7), (11, 13), (11, 17), (11, 23), (11, 29), (13, 2), (13, 3), (13, 5), (13, 7), (13, 11), (13, 17), (13, 23), (13, 29), (17, 2), (17, 3), (17, 5), (17, 7), (17, 11), (17, 13), (17, 23), (17, 29), (23, 2), (23, 3), (23, 5), (23, 7), (23, 11), (23, 13), (23, 17), (23, 29)]
Extra edge: 11 5
False ('Fi24', 63) [(11, 2), (11, 3), (11, 5), (11, 7), (11, 13), (11, 17), (11, 23), (11, 29), (13, 2), (13, 3), (13, 5), (13, 7), (13, 11), (13, 17), (13, 23), (13, 29), (17, 2), (17, 3), (17, 5), (17, 7), (17, 11), (17, 13), (17, 23), (17, 29), (23, 2), (23, 3), (23, 5), (23, 7), (23, 11), (23, 13), (23, 17), (23, 29)]
Extra edge: 11 5
False ('Fi24', 64) [(11, 2), (11, 3), (11, 5), (11, 7), (11, 13), (11, 17), (11, 23), (11, 29), (13, 2), (13, 3), (13, 5), (13, 7), (13, 11), (13, 17), (13, 23), (13, 29), (17, 2), (17, 3), (17, 5), (17, 7), (17, 11), (17, 13), (17, 23), (17, 29), (23, 2), (23, 3), (23, 5), (23, 7), (23, 11), (23, 13), (23, 17), (23, 29)]
Extra edge: 11 5
False ('Fi24', 65) [(11, 2), (11, 3), (11, 5), (11, 7), (11, 13), (11, 17), (11, 23), (11, 29), (13, 2), (13, 3), (13, 5), (13, 7), (13, 11), (13, 17), (13, 23), (13, 29), (17, 2), (17, 3), (17, 5), (17, 7), (17, 11), (17, 13), (17, 23), (17, 29), (23, 2), (23, 3), (23, 5), (23, 7), (23, 11), (23, 13), (23, 17), (23, 29)]
Extra edge: 11 5
False ('Fi24', 66) [(11, 2), (11, 3), (11, 5), (11, 7), (11, 13), (11, 17), (11, 23), (11, 29), (13, 2), (13, 3), (13, 5), (13, 7), (13, 11), (13, 17), (13, 23), (13, 29), (17, 2), (17, 3), (17, 5), (17, 7), (17, 11), (17, 13), (17, 23), (17, 29), (23, 2), (23, 3), (23, 5), (23, 7), (23, 11), (23, 13), (23, 17), (23, 29)]
Extra edge: 11 5
False ('Fi24', 67) [(11, 2), (11, 3), (11, 5), (11, 7), (11, 13), (11, 17), (11, 23), (11, 29), (13, 2), (13, 3), (13, 5), (13, 7), (13, 11), (13, 17), (13, 23), (13, 29), (17, 2), (17, 3), (17, 5), (17, 7), (17, 11), (17, 13), (17, 23), (17, 29), (23, 2), (23, 3), (23, 5), (23, 7), (23, 11), (23, 13), (23, 17), (23, 29)]
Extra edge: 11 5
False ('Fi24', 68) [(11, 2), (11, 3), (11, 5), (11, 7), (11, 13), (11, 17), (11, 23), (11, 29), (13, 2), (13, 3), (13, 5), (13, 7), (13, 11), (13, 17), (13, 23), (13, 29), (17, 2), (17, 3), (17, 5), (17, 7), (17, 11), (17, 13), (17, 23), (17, 29), (23, 2), (23, 3), (23, 5), (23, 7), (23, 11), (23, 13), (23, 17), (23, 29)]
Extra edge: 11 5
False ('Fi24', 69) [(11, 2), (11, 3), (11, 5), (11, 7), (11, 13), (11, 17), (11, 23), (11, 29), (13, 2), (13, 3), (13, 5), (13, 7), (13, 11), (13, 17), (13, 23), (13, 29), (17, 2), (17, 3), (17, 5), (17, 7), (17, 11), (17, 13), (17, 23), (17, 29), (23, 2), (23, 3), (23, 5), (23, 7), (23, 11), (23, 13), (23, 17), (23, 29)]
Extra edge: 11 5
False ('Fi24', 70) [(11, 2), (11, 3), (11, 5), (11, 7), (11, 13), (11, 17), (11, 23), (11, 29), (13, 2), (13, 3), (13, 5), (13, 7), (13, 11), (13, 17), (13, 23), (13, 29), (17, 2), (17, 3), (17, 5), (17, 7), (17, 11), (17, 13), (17, 23), (17, 29), (23, 2), (23, 3), (23, 5), (23, 7), (23, 11), (23, 13), (23, 17), (23, 29)]
Extra edge: 11 5
False ('Fi24', 71) [(11, 2), (11, 3), (11, 5), (11, 7), (11, 13), (11, 17), (11, 23), (11, 29), (13, 2), (13, 3), (13, 5), (13, 7), (13, 11), (13, 17), (13, 23), (13, 29), (17, 2), (17, 3), (17, 5), (17, 7), (17, 11), (17, 13), (17, 23), (17, 29), (23, 2), (23, 3), (23, 5), (23, 7), (23, 11), (23, 13), (23, 17), (23, 29)]
Extra edge: 11 5
False ('Fi24', 72) [(11, 2), (11, 3), (11, 5), (11, 7), (11, 13), (11, 17), (11, 23), (11, 29), (13, 2), (13, 3), (13, 5), (13, 7), (13, 11), (13, 17), (13, 23), (13, 29), (17, 2), (17, 3), (17, 5), (17, 7), (17, 11), (17, 13), (17, 23), (17, 29), (23, 2), (23, 3), (23, 5), (23, 7), (23, 11), (23, 13), (23, 17), (23, 29)]
Extra edge: 11 5
False ('Fi24', 73) [(11, 2), (11, 3), (11, 5), (11, 7), (11, 13), (11, 17), (11, 23), (11, 29), (13, 2), (13, 3), (13, 5), (13, 7), (13, 11), (13, 17), (13, 23), (13, 29), (17, 2), (17, 3), (17, 5), (17, 7), (17, 11), (17, 13), (17, 23), (17, 29), (23, 2), (23, 3), (23, 5), (23, 7), (23, 11), (23, 13), (23, 17), (23, 29)]
Extra edge: 11 5
False ('Fi24', 74) [(11, 2), (11, 3), (11, 5), (11, 7), (11, 13), (11, 17), (11, 23), (11, 29), (13, 2), (13, 3), (13, 5), (13, 7), (13, 11), (13, 17), (13, 23), (13, 29), (17, 2), (17, 3), (17, 5), (17, 7), (17, 11), (17, 13), (17, 23), (17, 29), (23, 2), (23, 3), (23, 5), (23, 7), (23, 11), (23, 13), (23, 17), (23, 29)]
Extra edge: 11 5
False ('Fi24', 75) [(11, 2), (11, 3), (11, 5), (11, 7), (11, 13), (11, 17), (11, 23), (11, 29), (13, 2), (13, 3), (13, 5), (13, 7), (13, 11), (13, 17), (13, 23), (13, 29), (17, 2), (17, 3), (17, 5), (17, 7), (17, 11), (17, 13), (17, 23), (17, 29), (23, 2), (23, 3), (23, 5), (23, 7), (23, 11), (23, 13), (23, 17), (23, 29)]
Extra edge: 11 5
False ('Fi24', 76) [(11, 2), (11, 3), (11, 5), (11, 7), (11, 13), (11, 17), (11, 23), (11, 29), (13, 2), (13, 3), (13, 5), (13, 7), (13, 11), (13, 17), (13, 23), (13, 29), (17, 2), (17, 3), (17, 5), (17, 7), (17, 11), (17, 13), (17, 23), (17, 29), (23, 2), (23, 3), (23, 5), (23, 7), (23, 11), (23, 13), (23, 17), (23, 29)]
Extra edge: 11 5
False ('Fi24', 77) [(11, 2), (11, 3), (11, 5), (11, 7), (11, 13), (11, 17), (11, 23), (11, 29), (13, 2), (13, 3), (13, 5), (13, 7), (13, 11), (13, 17), (13, 23), (13, 29), (17, 2), (17, 3), (17, 5), (17, 7), (17, 11), (17, 13), (17, 23), (17, 29), (23, 2), (23, 3), (23, 5), (23, 7), (23, 11), (23, 13), (23, 17), (23, 29)]
Extra edge: 11 5
False ('Fi24', 78) [(11, 2), (11, 3), (11, 5), (11, 7), (11, 13), (11, 17), (11, 23), (11, 29), (13, 2), (13, 3), (13, 5), (13, 7), (13, 11), (13, 17), (13, 23), (13, 29), (17, 2), (17, 3), (17, 5), (17, 7), (17, 11), (17, 13), (17, 23), (17, 29), (23, 2), (23, 3), (23, 5), (23, 7), (23, 11), (23, 13), (23, 17), (23, 29)]
Extra edge: 11 5
False ('Fi24', 79) [(11, 2), (11, 3), (11, 5), (11, 7), (11, 13), (11, 17), (11, 23), (11, 29), (13, 2), (13, 3), (13, 5), (13, 7), (13, 11), (13, 17), (13, 23), (13, 29), (17, 2), (17, 3), (17, 5), (17, 7), (17, 11), (17, 13), (17, 23), (17, 29), (23, 2), (23, 3), (23, 5), (23, 7), (23, 11), (23, 13), (23, 17), (23, 29)]
Extra edge: 11 5
False ('Fi24', 80) [(11, 2), (11, 3), (11, 5), (11, 7), (11, 13), (11, 17), (11, 23), (11, 29), (13, 2), (13, 3), (13, 5), (13, 7), (13, 11), (13, 17), (13, 23), (13, 29), (17, 2), (17, 3), (17, 5), (17, 7), (17, 11), (17, 13), (17, 23), (17, 29), (23, 2), (23, 3), (23, 5), (23, 7), (23, 11), (23, 13), (23, 17), (23, 29)]
Extra edge: 11 5
False ('Fi24', 81) [(11, 2), (11, 3), (11, 5), (11, 7), (11, 13), (11, 17), (11, 23), (11, 29), (13, 2), (13, 3), (13, 5), (13, 7), (13, 11), (13, 17), (13, 23), (13, 29), (17, 2), (17, 3), (17, 5), (17, 7), (17, 11), (17, 13), (17, 23), (17, 29), (23, 2), (23, 3), (23, 5), (23, 7), (23, 11), (23, 13), (23, 17), (23, 29)]
Extra edge: 11 5
False ('Fi24', 82) [(11, 2), (11, 3), (11, 5), (11, 7), (11, 13), (11, 17), (11, 23), (11, 29), (13, 2), (13, 3), (13, 5), (13, 7), (13, 11), (13, 17), (13, 23), (13, 29), (17, 2), (17, 3), (17, 5), (17, 7), (17, 11), (17, 13), (17, 23), (17, 29), (23, 2), (23, 3), (23, 5), (23, 7), (23, 11), (23, 13), (23, 17), (23, 29)]
Extra edge: 11 5
False ('Fi24', 83) [(11, 2), (11, 3), (11, 5), (11, 7), (11, 13), (11, 17), (11, 23), (11, 29), (13, 2), (13, 3), (13, 5), (13, 7), (13, 11), (13, 17), (13, 23), (13, 29), (17, 2), (17, 3), (17, 5), (17, 7), (17, 11), (17, 13), (17, 23), (17, 29), (23, 2), (23, 3), (23, 5), (23, 7), (23, 11), (23, 13), (23, 17), (23, 29)]
Extra edge: 11 5
False ('Fi24', 84) [(11, 2), (11, 3), (11, 5), (11, 7), (11, 13), (11, 17), (11, 23), (11, 29), (13, 2), (13, 3), (13, 5), (13, 7), (13, 11), (13, 17), (13, 23), (13, 29), (17, 2), (17, 3), (17, 5), (17, 7), (17, 11), (17, 13), (17, 23), (17, 29), (23, 2), (23, 3), (23, 5), (23, 7), (23, 11), (23, 13), (23, 17), (23, 29)]
Extra edge: 11 5
False ('Fi24', 85) [(11, 2), (11, 3), (11, 5), (11, 7), (11, 13), (11, 17), (11, 23), (11, 29), (13, 2), (13, 3), (13, 5), (13, 7), (13, 11), (13, 17), (13, 23), (13, 29), (17, 2), (17, 3), (17, 5), (17, 7), (17, 11), (17, 13), (17, 23), (17, 29), (23, 2), (23, 3), (23, 5), (23, 7), (23, 11), (23, 13), (23, 17), (23, 29)]
Extra edge: 11 5
False ('Fi24', 86) [(11, 2), (11, 3), (11, 5), (11, 7), (11, 13), (11, 17), (11, 23), (11, 29), (13, 2), (13, 3), (13, 5), (13, 7), (13, 11), (13, 17), (13, 23), (13, 29), (17, 2), (17, 3), (17, 5), (17, 7), (17, 11), (17, 13), (17, 23), (17, 29), (23, 2), (23, 3), (23, 5), (23, 7), (23, 11), (23, 13), (23, 17), (23, 29)]
Extra edge: 11 5
False ('Fi24', 87) [(11, 2), (11, 3), (11, 5), (11, 7), (11, 13), (11, 17), (11, 23), (11, 29), (13, 2), (13, 3), (13, 5), (13, 7), (13, 11), (13, 17), (13, 23), (13, 29), (17, 2), (17, 3), (17, 5), (17, 7), (17, 11), (17, 13), (17, 23), (17, 29), (23, 2), (23, 3), (23, 5), (23, 7), (23, 11), (23, 13), (23, 17), (23, 29)]
Extra edge: 11 5
False ('Fi24', 88) [(11, 2), (11, 3), (11, 5), (11, 7), (11, 13), (11, 17), (11, 23), (11, 29), (13, 2), (13, 3), (13, 5), (13, 7), (13, 11), (13, 17), (13, 23), (13, 29), (17, 2), (17, 3), (17, 5), (17, 7), (17, 11), (17, 13), (17, 23), (17, 29), (23, 2), (23, 3), (23, 5), (23, 7), (23, 11), (23, 13), (23, 17), (23, 29)]
Extra edge: 11 5
False ('Fi24', 89) [(11, 2), (11, 3), (11, 5), (11, 7), (11, 13), (11, 17), (11, 23), (11, 29), (13, 2), (13, 3), (13, 5), (13, 7), (13, 11), (13, 17), (13, 23), (13, 29), (17, 2), (17, 3), (17, 5), (17, 7), (17, 11), (17, 13), (17, 23), (17, 29), (23, 2), (23, 3), (23, 5), (23, 7), (23, 11), (23, 13), (23, 17), (23, 29)]
Extra edge: 11 5
False ('Fi24', 90) [(11, 2), (11, 3), (11, 5), (11, 7), (11, 13), (11, 17), (11, 23), (11, 29), (13, 2), (13, 3), (13, 5), (13, 7), (13, 11), (13, 17), (13, 23), (13, 29), (17, 2), (17, 3), (17, 5), (17, 7), (17, 11), (17, 13), (17, 23), (17, 29), (23, 2), (23, 3), (23, 5), (23, 7), (23, 11), (23, 13), (23, 17), (23, 29)]
Extra edge: 11 5
False ('Fi24', 91) [(11, 2), (11, 3), (11, 5), (11, 7), (11, 13), (11, 17), (11, 23), (11, 29), (13, 2), (13, 3), (13, 5), (13, 7), (13, 11), (13, 17), (13, 23), (13, 29), (17, 2), (17, 3), (17, 5), (17, 7), (17, 11), (17, 13), (17, 23), (17, 29), (23, 2), (23, 3), (23, 5), (23, 7), (23, 11), (23, 13), (23, 17), (23, 29)]
Extra edge: 11 5
False ('Fi24', 92) [(11, 2), (11, 3), (11, 5), (11, 7), (11, 13), (11, 17), (11, 23), (11, 29), (13, 2), (13, 3), (13, 5), (13, 7), (13, 11), (13, 17), (13, 23), (13, 29), (17, 2), (17, 3), (17, 5), (17, 7), (17, 11), (17, 13), (17, 23), (17, 29), (23, 2), (23, 3), (23, 5), (23, 7), (23, 11), (23, 13), (23, 17), (23, 29)]
Extra edge: 11 5
False ('Fi24', 93) [(11, 2), (11, 3), (11, 5), (11, 7), (11, 13), (11, 17), (11, 23), (11, 29), (13, 2), (13, 3), (13, 5), (13, 7), (13, 11), (13, 17), (13, 23), (13, 29), (17, 2), (17, 3), (17, 5), (17, 7), (17, 11), (17, 13), (17, 23), (17, 29), (23, 2), (23, 3), (23, 5), (23, 7), (23, 11), (23, 13), (23, 17), (23, 29)]
Extra edge: 11 5
False ('Fi24', 94) [(11, 2), (11, 3), (11, 5), (11, 7), (11, 13), (11, 17), (11, 23), (11, 29), (13, 2), (13, 3), (13, 5), (13, 7), (13, 11), (13, 17), (13, 23), (13, 29), (17, 2), (17, 3), (17, 5), (17, 7), (17, 11), (17, 13), (17, 23), (17, 29), (23, 2), (23, 3), (23, 5), (23, 7), (23, 11), (23, 13), (23, 17), (23, 29)]
Extra edge: 11 5
False ('Fi24', 95) [(11, 2), (11, 3), (11, 5), (11, 7), (11, 13), (11, 17), (11, 23), (11, 29), (13, 2), (13, 3), (13, 5), (13, 7), (13, 11), (13, 17), (13, 23), (13, 29), (17, 2), (17, 3), (17, 5), (17, 7), (17, 11), (17, 13), (17, 23), (17, 29), (23, 2), (23, 3), (23, 5), (23, 7), (23, 11), (23, 13), (23, 17), (23, 29)]
Extra edge: 11 5
False ('Fi24', 96) [(11, 2), (11, 3), (11, 5), (11, 7), (11, 13), (11, 17), (11, 23), (11, 29), (13, 2), (13, 3), (13, 5), (13, 7), (13, 11), (13, 17), (13, 23), (13, 29), (17, 2), (17, 3), (17, 5), (17, 7), (17, 11), (17, 13), (17, 23), (17, 29), (23, 2), (23, 3), (23, 5), (23, 7), (23, 11), (23, 13), (23, 17), (23, 29)]
Extra edge: 11 5
False ('Fi24', 97) [(11, 2), (11, 3), (11, 5), (11, 7), (11, 13), (11, 17), (11, 23), (11, 29), (13, 2), (13, 3), (13, 5), (13, 7), (13, 11), (13, 17), (13, 23), (13, 29), (17, 2), (17, 3), (17, 5), (17, 7), (17, 11), (17, 13), (17, 23), (17, 29), (23, 2), (23, 3), (23, 5), (23, 7), (23, 11), (23, 13), (23, 17), (23, 29)]
Extra edge: 11 5
False ('Fi24', 98) [(11, 2), (11, 3), (11, 5), (11, 7), (11, 13), (11, 17), (11, 23), (11, 29), (13, 2), (13, 3), (13, 5), (13, 7), (13, 11), (13, 17), (13, 23), (13, 29), (17, 2), (17, 3), (17, 5), (17, 7), (17, 11), (17, 13), (17, 23), (17, 29), (23, 2), (23, 3), (23, 5), (23, 7), (23, 11), (23, 13), (23, 17), (23, 29)]
Extra edge: 11 5
False ('Fi24', 99) [(11, 2), (11, 3), (11, 5), (11, 7), (11, 13), (11, 17), (11, 23), (11, 29), (13, 2), (13, 3), (13, 5), (13, 7), (13, 11), (13, 17), (13, 23), (13, 29), (17, 2), (17, 3), (17, 5), (17, 7), (17, 11), (17, 13), (17, 23), (17, 29), (23, 2), (23, 3), (23, 5), (23, 7), (23, 11), (23, 13), (23, 17), (23, 29)]
Extra edge: 11 5
False ('Fi24', 100) [(11, 2), (11, 3), (11, 5), (11, 7), (11, 13), (11, 17), (11, 23), (11, 29), (13, 2), (13, 3), (13, 5), (13, 7), (13, 11), (13, 17), (13, 23), (13, 29), (17, 2), (17, 3), (17, 5), (17, 7), (17, 11), (17, 13), (17, 23), (17, 29), (23, 2), (23, 3), (23, 5), (23, 7), (23, 11), (23, 13), (23, 17), (23, 29)]
Extra edge: 11 5
False ('Fi24', 101) [(11, 2), (11, 3), (11, 5), (11, 7), (11, 13), (11, 17), (11, 23), (11, 29), (13, 2), (13, 3), (13, 5), (13, 7), (13, 11), (13, 17), (13, 23), (13, 29), (17, 2), (17, 3), (17, 5), (17, 7), (17, 11), (17, 13), (17, 23), (17, 29), (23, 2), (23, 3), (23, 5), (23, 7), (23, 11), (23, 13), (23, 17), (23, 29)]
Extra edge: 11 5
False ('Fi24', 102) [(11, 2), (11, 3), (11, 5), (11, 7), (11, 13), (11, 17), (11, 23), (11, 29), (13, 2), (13, 3), (13, 5), (13, 7), (13, 11), (13, 17), (13, 23), (13, 29), (17, 2), (17, 3), (17, 5), (17, 7), (17, 11), (17, 13), (17, 23), (17, 29), (23, 2), (23, 3), (23, 5), (23, 7), (23, 11), (23, 13), (23, 17), (23, 29)]
Extra edge: 11 5
False ('Fi24', 103) [(11, 2), (11, 3), (11, 5), (11, 7), (11, 13), (11, 17), (11, 23), (11, 29), (13, 2), (13, 3), (13, 5), (13, 7), (13, 11), (13, 17), (13, 23), (13, 29), (17, 2), (17, 3), (17, 5), (17, 7), (17, 11), (17, 13), (17, 23), (17, 29), (23, 2), (23, 3), (23, 5), (23, 7), (23, 11), (23, 13), (23, 17), (23, 29)]
Extra edge: 11 5
False ('Fi24', 104) [(11, 2), (11, 3), (11, 5), (11, 7), (11, 13), (11, 17), (11, 23), (11, 29), (13, 2), (13, 3), (13, 5), (13, 7), (13, 11), (13, 17), (13, 23), (13, 29), (17, 2), (17, 3), (17, 5), (17, 7), (17, 11), (17, 13), (17, 23), (17, 29), (23, 2), (23, 3), (23, 5), (23, 7), (23, 11), (23, 13), (23, 17), (23, 29)]
Extra edge: 11 5
False ('Fi24', 105) [(11, 2), (11, 3), (11, 5), (11, 7), (11, 13), (11, 17), (11, 23), (11, 29), (13, 2), (13, 3), (13, 5), (13, 7), (13, 11), (13, 17), (13, 23), (13, 29), (17, 2), (17, 3), (17, 5), (17, 7), (17, 11), (17, 13), (17, 23), (17, 29), (23, 2), (23, 3), (23, 5), (23, 7), (23, 11), (23, 13), (23, 17), (23, 29)]
Extra edge: 11 5
False ('Fi24', 106) [(11, 2), (11, 3), (11, 5), (11, 7), (11, 13), (11, 17), (11, 23), (11, 29), (13, 2), (13, 3), (13, 5), (13, 7), (13, 11), (13, 17), (13, 23), (13, 29), (17, 2), (17, 3), (17, 5), (17, 7), (17, 11), (17, 13), (17, 23), (17, 29), (23, 2), (23, 3), (23, 5), (23, 7), (23, 11), (23, 13), (23, 17), (23, 29)]
Extra edge: 11 5
False ('Fi24', 107) [(11, 2), (11, 3), (11, 5), (11, 7), (11, 13), (11, 17), (11, 23), (11, 29), (13, 2), (13, 3), (13, 5), (13, 7), (13, 11), (13, 17), (13, 23), (13, 29), (17, 2), (17, 3), (17, 5), (17, 7), (17, 11), (17, 13), (17, 23), (17, 29), (23, 2), (23, 3), (23, 5), (23, 7), (23, 11), (23, 13), (23, 17), (23, 29)]
Extra edge: 11 5
False ('Fi24', 108) [(11, 2), (11, 3), (11, 5), (11, 7), (11, 13), (11, 17), (11, 23), (11, 29), (13, 2), (13, 3), (13, 5), (13, 7), (13, 11), (13, 17), (13, 23), (13, 29), (17, 2), (17, 3), (17, 5), (17, 7), (17, 11), (17, 13), (17, 23), (17, 29), (23, 2), (23, 3), (23, 5), (23, 7), (23, 11), (23, 13), (23, 17), (23, 29)]
Extra edge: 11 5
False ('Fi24', 109) [(11, 2), (11, 3), (11, 5), (11, 7), (11, 13), (11, 17), (11, 23), (11, 29), (13, 2), (13, 3), (13, 5), (13, 7), (13, 11), (13, 17), (13, 23), (13, 29), (17, 2), (17, 3), (17, 5), (17, 7), (17, 11), (17, 13), (17, 23), (17, 29), (23, 2), (23, 3), (23, 5), (23, 7), (23, 11), (23, 13), (23, 17), (23, 29)]
Extra edge: 11 5
False ('Fi24', 110) [(11, 2), (11, 3), (11, 5), (11, 7), (11, 13), (11, 17), (11, 23), (11, 29), (13, 2), (13, 3), (13, 5), (13, 7), (13, 11), (13, 17), (13, 23), (13, 29), (17, 2), (17, 3), (17, 5), (17, 7), (17, 11), (17, 13), (17, 23), (17, 29), (23, 2), (23, 3), (23, 5), (23, 7), (23, 11), (23, 13), (23, 17), (23, 29)]
Extra edge: 11 5
False ('Fi24', 111) [(11, 2), (11, 3), (11, 5), (11, 7), (11, 13), (11, 17), (11, 23), (11, 29), (13, 2), (13, 3), (13, 5), (13, 7), (13, 11), (13, 17), (13, 23), (13, 29), (17, 2), (17, 3), (17, 5), (17, 7), (17, 11), (17, 13), (17, 23), (17, 29), (23, 2), (23, 3), (23, 5), (23, 7), (23, 11), (23, 13), (23, 17), (23, 29)]
Extra edge: 11 5
False ('Fi24', 112) [(11, 2), (11, 3), (11, 5), (11, 7), (11, 13), (11, 17), (11, 23), (11, 29), (13, 2), (13, 3), (13, 5), (13, 7), (13, 11), (13, 17), (13, 23), (13, 29), (17, 2), (17, 3), (17, 5), (17, 7), (17, 11), (17, 13), (17, 23), (17, 29), (23, 2), (23, 3), (23, 5), (23, 7), (23, 11), (23, 13), (23, 17), (23, 29)]
Extra edge: 11 5
False ('Fi24', 113) [(11, 2), (11, 3), (11, 5), (11, 7), (11, 13), (11, 17), (11, 23), (11, 29), (13, 2), (13, 3), (13, 5), (13, 7), (13, 11), (13, 17), (13, 23), (13, 29), (17, 2), (17, 3), (17, 5), (17, 7), (17, 11), (17, 13), (17, 23), (17, 29), (23, 2), (23, 3), (23, 5), (23, 7), (23, 11), (23, 13), (23, 17), (23, 29)]
Extra edge: 11 5
False ('Fi24', 114) [(11, 2), (11, 3), (11, 5), (11, 7), (11, 13), (11, 17), (11, 23), (11, 29), (13, 2), (13, 3), (13, 5), (13, 7), (13, 11), (13, 17), (13, 23), (13, 29), (17, 2), (17, 3), (17, 5), (17, 7), (17, 11), (17, 13), (17, 23), (17, 29), (23, 2), (23, 3), (23, 5), (23, 7), (23, 11), (23, 13), (23, 17), (23, 29)]
Extra edge: 11 5
False ('Fi24', 115) [(11, 2), (11, 3), (11, 5), (11, 7), (11, 13), (11, 17), (11, 23), (11, 29), (13, 2), (13, 3), (13, 5), (13, 7), (13, 11), (13, 17), (13, 23), (13, 29), (17, 2), (17, 3), (17, 5), (17, 7), (17, 11), (17, 13), (17, 23), (17, 29), (23, 2), (23, 3), (23, 5), (23, 7), (23, 11), (23, 13), (23, 17), (23, 29)]
Extra edge: 11 5
False ('Fi24', 116) [(11, 2), (11, 3), (11, 5), (11, 7), (11, 13), (11, 17), (11, 23), (11, 29), (13, 2), (13, 3), (13, 5), (13, 7), (13, 11), (13, 17), (13, 23), (13, 29), (17, 2), (17, 3), (17, 5), (17, 7), (17, 11), (17, 13), (17, 23), (17, 29), (23, 2), (23, 3), (23, 5), (23, 7), (23, 11), (23, 13), (23, 17), (23, 29)]
Extra edge: 11 5
False ('Fi24', 117) [(11, 2), (11, 3), (11, 5), (11, 7), (11, 13), (11, 17), (11, 23), (11, 29), (13, 2), (13, 3), (13, 5), (13, 7), (13, 11), (13, 17), (13, 23), (13, 29), (17, 2), (17, 3), (17, 5), (17, 7), (17, 11), (17, 13), (17, 23), (17, 29), (23, 2), (23, 3), (23, 5), (23, 7), (23, 11), (23, 13), (23, 17), (23, 29)]
Extra edge: 11 5
False ('Fi24', 118) [(11, 2), (11, 3), (11, 5), (11, 7), (11, 13), (11, 17), (11, 23), (11, 29), (13, 2), (13, 3), (13, 5), (13, 7), (13, 11), (13, 17), (13, 23), (13, 29), (17, 2), (17, 3), (17, 5), (17, 7), (17, 11), (17, 13), (17, 23), (17, 29), (23, 2), (23, 3), (23, 5), (23, 7), (23, 11), (23, 13), (23, 17), (23, 29)]
Extra edge: 11 5
False ('Fi24', 119) [(11, 2), (11, 3), (11, 5), (11, 7), (11, 13), (11, 17), (11, 23), (11, 29), (13, 2), (13, 3), (13, 5), (13, 7), (13, 11), (13, 17), (13, 23), (13, 29), (17, 2), (17, 3), (17, 5), (17, 7), (17, 11), (17, 13), (17, 23), (17, 29), (23, 2), (23, 3), (23, 5), (23, 7), (23, 11), (23, 13), (23, 17), (23, 29)]
Extra edge: 11 5
False ('Fi24', 120) [(11, 2), (11, 3), (11, 5), (11, 7), (11, 13), (11, 17), (11, 23), (11, 29), (13, 2), (13, 3), (13, 5), (13, 7), (13, 11), (13, 17), (13, 23), (13, 29), (17, 2), (17, 3), (17, 5), (17, 7), (17, 11), (17, 13), (17, 23), (17, 29), (23, 2), (23, 3), (23, 5), (23, 7), (23, 11), (23, 13), (23, 17), (23, 29)]
Extra edge: 11 5
False ('Fi24', 121) [(11, 2), (11, 3), (11, 5), (11, 7), (11, 13), (11, 17), (11, 23), (11, 29), (13, 2), (13, 3), (13, 5), (13, 7), (13, 11), (13, 17), (13, 23), (13, 29), (17, 2), (17, 3), (17, 5), (17, 7), (17, 11), (17, 13), (17, 23), (17, 29), (23, 2), (23, 3), (23, 5), (23, 7), (23, 11), (23, 13), (23, 17), (23, 29)]
Extra edge: 11 5
False ('Fi24', 122) [(11, 2), (11, 3), (11, 5), (11, 7), (11, 13), (11, 17), (11, 23), (11, 29), (13, 2), (13, 3), (13, 5), (13, 7), (13, 11), (13, 17), (13, 23), (13, 29), (17, 2), (17, 3), (17, 5), (17, 7), (17, 11), (17, 13), (17, 23), (17, 29), (23, 2), (23, 3), (23, 5), (23, 7), (23, 11), (23, 13), (23, 17), (23, 29)]
Extra edge: 11 5
False ('Fi24', 123) [(11, 2), (11, 3), (11, 5), (11, 7), (11, 13), (11, 17), (11, 23), (11, 29), (13, 2), (13, 3), (13, 5), (13, 7), (13, 11), (13, 17), (13, 23), (13, 29), (17, 2), (17, 3), (17, 5), (17, 7), (17, 11), (17, 13), (17, 23), (17, 29), (23, 2), (23, 3), (23, 5), (23, 7), (23, 11), (23, 13), (23, 17), (23, 29)]
Extra edge: 11 5
False ('Fi24', 124) [(11, 2), (11, 3), (11, 5), (11, 7), (11, 13), (11, 17), (11, 23), (11, 29), (13, 2), (13, 3), (13, 5), (13, 7), (13, 11), (13, 17), (13, 23), (13, 29), (17, 2), (17, 3), (17, 5), (17, 7), (17, 11), (17, 13), (17, 23), (17, 29), (23, 2), (23, 3), (23, 5), (23, 7), (23, 11), (23, 13), (23, 17), (23, 29)]
Extra edge: 11 5
False ('Fi24', 125) [(11, 2), (11, 3), (11, 5), (11, 7), (11, 13), (11, 17), (11, 23), (11, 29), (13, 2), (13, 3), (13, 5), (13, 7), (13, 11), (13, 17), (13, 23), (13, 29), (17, 2), (17, 3), (17, 5), (17, 7), (17, 11), (17, 13), (17, 23), (17, 29), (23, 2), (23, 3), (23, 5), (23, 7), (23, 11), (23, 13), (23, 17), (23, 29)]
Extra edge: 11 5
False ('Fi24', 126) [(11, 2), (11, 3), (11, 5), (11, 7), (11, 13), (11, 17), (11, 23), (11, 29), (13, 2), (13, 3), (13, 5), (13, 7), (13, 11), (13, 17), (13, 23), (13, 29), (17, 2), (17, 3), (17, 5), (17, 7), (17, 11), (17, 13), (17, 23), (17, 29), (23, 2), (23, 3), (23, 5), (23, 7), (23, 11), (23, 13), (23, 17), (23, 29)]
Extra edge: 11 5
False ('Fi24', 127) [(11, 2), (11, 3), (11, 5), (11, 7), (11, 13), (11, 17), (11, 23), (11, 29), (13, 2), (13, 3), (13, 5), (13, 7), (13, 11), (13, 17), (13, 23), (13, 29), (17, 2), (17, 3), (17, 5), (17, 7), (17, 11), (17, 13), (17, 23), (17, 29), (23, 2), (23, 3), (23, 5), (23, 7), (23, 11), (23, 13), (23, 17), (23, 29)]
Extra edge: 11 5
False ('Fi24', 128) [(11, 2), (11, 3), (11, 5), (11, 7), (11, 13), (11, 17), (11, 23), (11, 29), (13, 2), (13, 3), (13, 5), (13, 7), (13, 11), (13, 17), (13, 23), (13, 29), (17, 2), (17, 3), (17, 5), (17, 7), (17, 11), (17, 13), (17, 23), (17, 29), (23, 2), (23, 3), (23, 5), (23, 7), (23, 11), (23, 13), (23, 17), (23, 29)]
Extra edge: 11 5
False ('Fi24', 129) [(11, 2), (11, 3), (11, 5), (11, 7), (11, 13), (11, 17), (11, 23), (11, 29), (13, 2), (13, 3), (13, 5), (13, 7), (13, 11), (13, 17), (13, 23), (13, 29), (17, 2), (17, 3), (17, 5), (17, 7), (17, 11), (17, 13), (17, 23), (17, 29), (23, 2), (23, 3), (23, 5), (23, 7), (23, 11), (23, 13), (23, 17), (23, 29)]
Extra edge: 11 5
False ('Fi24', 130) [(11, 2), (11, 3), (11, 5), (11, 7), (11, 13), (11, 17), (11, 23), (11, 29), (13, 2), (13, 3), (13, 5), (13, 7), (13, 11), (13, 17), (13, 23), (13, 29), (17, 2), (17, 3), (17, 5), (17, 7), (17, 11), (17, 13), (17, 23), (17, 29), (23, 2), (23, 3), (23, 5), (23, 7), (23, 11), (23, 13), (23, 17), (23, 29)]
Extra edge: 11 5
False ('Fi24', 131) [(11, 2), (11, 3), (11, 5), (11, 7), (11, 13), (11, 17), (11, 23), (11, 29), (13, 2), (13, 3), (13, 5), (13, 7), (13, 11), (13, 17), (13, 23), (13, 29), (17, 2), (17, 3), (17, 5), (17, 7), (17, 11), (17, 13), (17, 23), (17, 29), (23, 2), (23, 3), (23, 5), (23, 7), (23, 11), (23, 13), (23, 17), (23, 29)]
Extra edge: 11 5
False ('Fi24', 132) [(11, 2), (11, 3), (11, 5), (11, 7), (11, 13), (11, 17), (11, 23), (11, 29), (13, 2), (13, 3), (13, 5), (13, 7), (13, 11), (13, 17), (13, 23), (13, 29), (17, 2), (17, 3), (17, 5), (17, 7), (17, 11), (17, 13), (17, 23), (17, 29), (23, 2), (23, 3), (23, 5), (23, 7), (23, 11), (23, 13), (23, 17), (23, 29)]
Extra edge: 11 5
False ('Fi24', 133) [(11, 2), (11, 3), (11, 5), (11, 7), (11, 13), (11, 17), (11, 23), (11, 29), (13, 2), (13, 3), (13, 5), (13, 7), (13, 11), (13, 17), (13, 23), (13, 29), (17, 2), (17, 3), (17, 5), (17, 7), (17, 11), (17, 13), (17, 23), (17, 29), (23, 2), (23, 3), (23, 5), (23, 7), (23, 11), (23, 13), (23, 17), (23, 29)]
Extra edge: 11 5
False ('Fi24', 134) [(11, 2), (11, 3), (11, 5), (11, 7), (11, 13), (11, 17), (11, 23), (11, 29), (13, 2), (13, 3), (13, 5), (13, 7), (13, 11), (13, 17), (13, 23), (13, 29), (17, 2), (17, 3), (17, 5), (17, 7), (17, 11), (17, 13), (17, 23), (17, 29), (23, 2), (23, 3), (23, 5), (23, 7), (23, 11), (23, 13), (23, 17), (23, 29)]
Extra edge: 11 5
False ('Fi24', 135) [(11, 2), (11, 3), (11, 5), (11, 7), (11, 13), (11, 17), (11, 23), (11, 29), (13, 2), (13, 3), (13, 5), (13, 7), (13, 11), (13, 17), (13, 23), (13, 29), (17, 2), (17, 3), (17, 5), (17, 7), (17, 11), (17, 13), (17, 23), (17, 29), (23, 2), (23, 3), (23, 5), (23, 7), (23, 11), (23, 13), (23, 17), (23, 29)]
Extra edge: 11 5
False ('Fi24', 136) [(11, 2), (11, 3), (11, 5), (11, 7), (11, 13), (11, 17), (11, 23), (11, 29), (13, 2), (13, 3), (13, 5), (13, 7), (13, 11), (13, 17), (13, 23), (13, 29), (17, 2), (17, 3), (17, 5), (17, 7), (17, 11), (17, 13), (17, 23), (17, 29), (23, 2), (23, 3), (23, 5), (23, 7), (23, 11), (23, 13), (23, 17), (23, 29)]
Extra edge: 11 5
False ('Fi24', 137) [(11, 2), (11, 3), (11, 5), (11, 7), (11, 13), (11, 17), (11, 23), (11, 29), (13, 2), (13, 3), (13, 5), (13, 7), (13, 11), (13, 17), (13, 23), (13, 29), (17, 2), (17, 3), (17, 5), (17, 7), (17, 11), (17, 13), (17, 23), (17, 29), (23, 2), (23, 3), (23, 5), (23, 7), (23, 11), (23, 13), (23, 17), (23, 29)]
Extra edge: 11 5
False ('Fi24', 138) [(11, 2), (11, 3), (11, 5), (11, 7), (11, 13), (11, 17), (11, 23), (11, 29), (13, 2), (13, 3), (13, 5), (13, 7), (13, 11), (13, 17), (13, 23), (13, 29), (17, 2), (17, 3), (17, 5), (17, 7), (17, 11), (17, 13), (17, 23), (17, 29), (23, 2), (23, 3), (23, 5), (23, 7), (23, 11), (23, 13), (23, 17), (23, 29)]
Extra edge: 11 5
False ('Fi24', 139) [(11, 2), (11, 3), (11, 5), (11, 7), (11, 13), (11, 17), (11, 23), (11, 29), (13, 2), (13, 3), (13, 5), (13, 7), (13, 11), (13, 17), (13, 23), (13, 29), (17, 2), (17, 3), (17, 5), (17, 7), (17, 11), (17, 13), (17, 23), (17, 29), (23, 2), (23, 3), (23, 5), (23, 7), (23, 11), (23, 13), (23, 17), (23, 29)]
Extra edge: 11 5
False ('Fi24', 140) [(11, 2), (11, 3), (11, 5), (11, 7), (11, 13), (11, 17), (11, 23), (11, 29), (13, 2), (13, 3), (13, 5), (13, 7), (13, 11), (13, 17), (13, 23), (13, 29), (17, 2), (17, 3), (17, 5), (17, 7), (17, 11), (17, 13), (17, 23), (17, 29), (23, 2), (23, 3), (23, 5), (23, 7), (23, 11), (23, 13), (23, 17), (23, 29)]
Extra edge: 11 5
False ('Fi24', 141) [(11, 2), (11, 3), (11, 5), (11, 7), (11, 13), (11, 17), (11, 23), (11, 29), (13, 2), (13, 3), (13, 5), (13, 7), (13, 11), (13, 17), (13, 23), (13, 29), (17, 2), (17, 3), (17, 5), (17, 7), (17, 11), (17, 13), (17, 23), (17, 29), (23, 2), (23, 3), (23, 5), (23, 7), (23, 11), (23, 13), (23, 17), (23, 29)]
Extra edge: 11 5
False ('Fi24', 142) [(11, 2), (11, 3), (11, 5), (11, 7), (11, 13), (11, 17), (11, 23), (11, 29), (13, 2), (13, 3), (13, 5), (13, 7), (13, 11), (13, 17), (13, 23), (13, 29), (17, 2), (17, 3), (17, 5), (17, 7), (17, 11), (17, 13), (17, 23), (17, 29), (23, 2), (23, 3), (23, 5), (23, 7), (23, 11), (23, 13), (23, 17), (23, 29)]
Extra edge: 11 5
False ('Fi24', 143) [(11, 2), (11, 3), (11, 5), (11, 7), (11, 13), (11, 17), (11, 23), (11, 29), (13, 2), (13, 3), (13, 5), (13, 7), (13, 11), (13, 17), (13, 23), (13, 29), (17, 2), (17, 3), (17, 5), (17, 7), (17, 11), (17, 13), (17, 23), (17, 29), (23, 2), (23, 3), (23, 5), (23, 7), (23, 11), (23, 13), (23, 17), (23, 29)]
Extra edge: 11 5
False ('Fi24', 144) [(11, 2), (11, 3), (11, 5), (11, 7), (11, 13), (11, 17), (11, 23), (11, 29), (13, 2), (13, 3), (13, 5), (13, 7), (13, 11), (13, 17), (13, 23), (13, 29), (17, 2), (17, 3), (17, 5), (17, 7), (17, 11), (17, 13), (17, 23), (17, 29), (23, 2), (23, 3), (23, 5), (23, 7), (23, 11), (23, 13), (23, 17), (23, 29)]
Extra edge: 11 5
False ('Fi24', 145) [(11, 2), (11, 3), (11, 5), (11, 7), (11, 13), (11, 17), (11, 23), (11, 29), (13, 2), (13, 3), (13, 5), (13, 7), (13, 11), (13, 17), (13, 23), (13, 29), (17, 2), (17, 3), (17, 5), (17, 7), (17, 11), (17, 13), (17, 23), (17, 29), (23, 2), (23, 3), (23, 5), (23, 7), (23, 11), (23, 13), (23, 17), (23, 29)]
Extra edge: 11 5
False ('Fi24', 146) [(11, 2), (11, 3), (11, 5), (11, 7), (11, 13), (11, 17), (11, 23), (11, 29), (13, 2), (13, 3), (13, 5), (13, 7), (13, 11), (13, 17), (13, 23), (13, 29), (17, 2), (17, 3), (17, 5), (17, 7), (17, 11), (17, 13), (17, 23), (17, 29), (23, 2), (23, 3), (23, 5), (23, 7), (23, 11), (23, 13), (23, 17), (23, 29)]
Extra edge: 11 5
False ('Fi24', 147) [(11, 2), (11, 3), (11, 5), (11, 7), (11, 13), (11, 17), (11, 23), (11, 29), (13, 2), (13, 3), (13, 5), (13, 7), (13, 11), (13, 17), (13, 23), (13, 29), (17, 2), (17, 3), (17, 5), (17, 7), (17, 11), (17, 13), (17, 23), (17, 29), (23, 2), (23, 3), (23, 5), (23, 7), (23, 11), (23, 13), (23, 17), (23, 29)]
Extra edge: 11 5
False ('Fi24', 148) [(11, 2), (11, 3), (11, 5), (11, 7), (11, 13), (11, 17), (11, 23), (11, 29), (13, 2), (13, 3), (13, 5), (13, 7), (13, 11), (13, 17), (13, 23), (13, 29), (17, 2), (17, 3), (17, 5), (17, 7), (17, 11), (17, 13), (17, 23), (17, 29), (23, 2), (23, 3), (23, 5), (23, 7), (23, 11), (23, 13), (23, 17), (23, 29)]
Extra edge: 11 5
False ('Fi24', 149) [(11, 2), (11, 3), (11, 5), (11, 7), (11, 13), (11, 17), (11, 23), (11, 29), (13, 2), (13, 3), (13, 5), (13, 7), (13, 11), (13, 17), (13, 23), (13, 29), (17, 2), (17, 3), (17, 5), (17, 7), (17, 11), (17, 13), (17, 23), (17, 29), (23, 2), (23, 3), (23, 5), (23, 7), (23, 11), (23, 13), (23, 17), (23, 29)]
Extra edge: 11 5
False ('Fi24', 150) [(11, 2), (11, 3), (11, 5), (11, 7), (11, 13), (11, 17), (11, 23), (11, 29), (13, 2), (13, 3), (13, 5), (13, 7), (13, 11), (13, 17), (13, 23), (13, 29), (17, 2), (17, 3), (17, 5), (17, 7), (17, 11), (17, 13), (17, 23), (17, 29), (23, 2), (23, 3), (23, 5), (23, 7), (23, 11), (23, 13), (23, 17), (23, 29)]
Extra edge: 11 5
False ('Fi24', 151) [(11, 2), (11, 3), (11, 5), (11, 7), (11, 13), (11, 17), (11, 23), (11, 29), (13, 2), (13, 3), (13, 5), (13, 7), (13, 11), (13, 17), (13, 23), (13, 29), (17, 2), (17, 3), (17, 5), (17, 7), (17, 11), (17, 13), (17, 23), (17, 29), (23, 2), (23, 3), (23, 5), (23, 7), (23, 11), (23, 13), (23, 17), (23, 29)]
Extra edge: 11 5
False ('Fi24', 152) [(11, 2), (11, 3), (11, 5), (11, 7), (11, 13), (11, 17), (11, 23), (11, 29), (13, 2), (13, 3), (13, 5), (13, 7), (13, 11), (13, 17), (13, 23), (13, 29), (17, 2), (17, 3), (17, 5), (17, 7), (17, 11), (17, 13), (17, 23), (17, 29), (23, 2), (23, 3), (23, 5), (23, 7), (23, 11), (23, 13), (23, 17), (23, 29)]
Extra edge: 11 5
False ('Fi24', 153) [(11, 2), (11, 3), (11, 5), (11, 7), (11, 13), (11, 17), (11, 23), (11, 29), (13, 2), (13, 3), (13, 5), (13, 7), (13, 11), (13, 17), (13, 23), (13, 29), (17, 2), (17, 3), (17, 5), (17, 7), (17, 11), (17, 13), (17, 23), (17, 29), (23, 2), (23, 3), (23, 5), (23, 7), (23, 11), (23, 13), (23, 17), (23, 29)]
Extra edge: 11 5
False ('Fi24', 154) [(11, 2), (11, 3), (11, 5), (11, 7), (11, 13), (11, 17), (11, 23), (11, 29), (13, 2), (13, 3), (13, 5), (13, 7), (13, 11), (13, 17), (13, 23), (13, 29), (17, 2), (17, 3), (17, 5), (17, 7), (17, 11), (17, 13), (17, 23), (17, 29), (23, 2), (23, 3), (23, 5), (23, 7), (23, 11), (23, 13), (23, 17), (23, 29)]
Extra edge: 11 5
False ('Fi24', 155) [(11, 2), (11, 3), (11, 5), (11, 7), (11, 13), (11, 17), (11, 23), (11, 29), (13, 2), (13, 3), (13, 5), (13, 7), (13, 11), (13, 17), (13, 23), (13, 29), (17, 2), (17, 3), (17, 5), (17, 7), (17, 11), (17, 13), (17, 23), (17, 29), (23, 2), (23, 3), (23, 5), (23, 7), (23, 11), (23, 13), (23, 17), (23, 29)]
Extra edge: 11 5
False ('Fi24', 156) [(11, 2), (11, 3), (11, 5), (11, 7), (11, 13), (11, 17), (11, 23), (11, 29), (13, 2), (13, 3), (13, 5), (13, 7), (13, 11), (13, 17), (13, 23), (13, 29), (17, 2), (17, 3), (17, 5), (17, 7), (17, 11), (17, 13), (17, 23), (17, 29), (23, 2), (23, 3), (23, 5), (23, 7), (23, 11), (23, 13), (23, 17), (23, 29)]
Extra edge: 11 5
False ('Fi24', 157) [(11, 2), (11, 3), (11, 5), (11, 7), (11, 13), (11, 17), (11, 23), (11, 29), (13, 2), (13, 3), (13, 5), (13, 7), (13, 11), (13, 17), (13, 23), (13, 29), (17, 2), (17, 3), (17, 5), (17, 7), (17, 11), (17, 13), (17, 23), (17, 29), (23, 2), (23, 3), (23, 5), (23, 7), (23, 11), (23, 13), (23, 17), (23, 29)]
Extra edge: 11 5
False ('Fi24', 158) [(11, 2), (11, 3), (11, 5), (11, 7), (11, 13), (11, 17), (11, 23), (11, 29), (13, 2), (13, 3), (13, 5), (13, 7), (13, 11), (13, 17), (13, 23), (13, 29), (17, 2), (17, 3), (17, 5), (17, 7), (17, 11), (17, 13), (17, 23), (17, 29), (23, 2), (23, 3), (23, 5), (23, 7), (23, 11), (23, 13), (23, 17), (23, 29)]
Extra edge: 11 5
False ('Fi24', 159) [(11, 2), (11, 3), (11, 5), (11, 7), (11, 13), (11, 17), (11, 23), (11, 29), (13, 2), (13, 3), (13, 5), (13, 7), (13, 11), (13, 17), (13, 23), (13, 29), (17, 2), (17, 3), (17, 5), (17, 7), (17, 11), (17, 13), (17, 23), (17, 29), (23, 2), (23, 3), (23, 5), (23, 7), (23, 11), (23, 13), (23, 17), (23, 29)]
Extra edge: 11 5
False ('Fi24', 160) [(11, 2), (11, 3), (11, 5), (11, 7), (11, 13), (11, 17), (11, 23), (11, 29), (13, 2), (13, 3), (13, 5), (13, 7), (13, 11), (13, 17), (13, 23), (13, 29), (17, 2), (17, 3), (17, 5), (17, 7), (17, 11), (17, 13), (17, 23), (17, 29), (23, 2), (23, 3), (23, 5), (23, 7), (23, 11), (23, 13), (23, 17), (23, 29)]
Extra edge: 11 5
False ('Fi24', 161) [(11, 2), (11, 3), (11, 5), (11, 7), (11, 13), (11, 17), (11, 23), (11, 29), (13, 2), (13, 3), (13, 5), (13, 7), (13, 11), (13, 17), (13, 23), (13, 29), (17, 2), (17, 3), (17, 5), (17, 7), (17, 11), (17, 13), (17, 23), (17, 29), (23, 2), (23, 3), (23, 5), (23, 7), (23, 11), (23, 13), (23, 17), (23, 29)]
Extra edge: 11 5
False ('Fi24', 162) [(11, 2), (11, 3), (11, 5), (11, 7), (11, 13), (11, 17), (11, 23), (11, 29), (13, 2), (13, 3), (13, 5), (13, 7), (13, 11), (13, 17), (13, 23), (13, 29), (17, 2), (17, 3), (17, 5), (17, 7), (17, 11), (17, 13), (17, 23), (17, 29), (23, 2), (23, 3), (23, 5), (23, 7), (23, 11), (23, 13), (23, 17), (23, 29)]
Extra edge: 11 5
False ('Fi24', 163) [(11, 2), (11, 3), (11, 5), (11, 7), (11, 13), (11, 17), (11, 23), (11, 29), (13, 2), (13, 3), (13, 5), (13, 7), (13, 11), (13, 17), (13, 23), (13, 29), (17, 2), (17, 3), (17, 5), (17, 7), (17, 11), (17, 13), (17, 23), (17, 29), (23, 2), (23, 3), (23, 5), (23, 7), (23, 11), (23, 13), (23, 17), (23, 29)]
Extra edge: 11 5
False ('Fi24', 164) [(11, 2), (11, 3), (11, 5), (11, 7), (11, 13), (11, 17), (11, 23), (11, 29), (13, 2), (13, 3), (13, 5), (13, 7), (13, 11), (13, 17), (13, 23), (13, 29), (17, 2), (17, 3), (17, 5), (17, 7), (17, 11), (17, 13), (17, 23), (17, 29), (23, 2), (23, 3), (23, 5), (23, 7), (23, 11), (23, 13), (23, 17), (23, 29)]
Extra edge: 11 5
False ('Fi24', 165) [(11, 2), (11, 3), (11, 5), (11, 7), (11, 13), (11, 17), (11, 23), (11, 29), (13, 2), (13, 3), (13, 5), (13, 7), (13, 11), (13, 17), (13, 23), (13, 29), (17, 2), (17, 3), (17, 5), (17, 7), (17, 11), (17, 13), (17, 23), (17, 29), (23, 2), (23, 3), (23, 5), (23, 7), (23, 11), (23, 13), (23, 17), (23, 29)]
Extra edge: 11 5
False ('Fi24', 166) [(11, 2), (11, 3), (11, 5), (11, 7), (11, 13), (11, 17), (11, 23), (11, 29), (13, 2), (13, 3), (13, 5), (13, 7), (13, 11), (13, 17), (13, 23), (13, 29), (17, 2), (17, 3), (17, 5), (17, 7), (17, 11), (17, 13), (17, 23), (17, 29), (23, 2), (23, 3), (23, 5), (23, 7), (23, 11), (23, 13), (23, 17), (23, 29)]
Extra edge: 11 5
False ('Fi24', 167) [(11, 2), (11, 3), (11, 5), (11, 7), (11, 13), (11, 17), (11, 23), (11, 29), (13, 2), (13, 3), (13, 5), (13, 7), (13, 11), (13, 17), (13, 23), (13, 29), (17, 2), (17, 3), (17, 5), (17, 7), (17, 11), (17, 13), (17, 23), (17, 29), (23, 2), (23, 3), (23, 5), (23, 7), (23, 11), (23, 13), (23, 17), (23, 29)]
Extra edge: 11 5
False ('Fi24', 168) [(11, 2), (11, 3), (11, 5), (11, 7), (11, 13), (11, 17), (11, 23), (11, 29), (13, 2), (13, 3), (13, 5), (13, 7), (13, 11), (13, 17), (13, 23), (13, 29), (17, 2), (17, 3), (17, 5), (17, 7), (17, 11), (17, 13), (17, 23), (17, 29), (23, 2), (23, 3), (23, 5), (23, 7), (23, 11), (23, 13), (23, 17), (23, 29)]
Extra edge: 11 5
False ('Fi24', 169) [(11, 2), (11, 3), (11, 5), (11, 7), (11, 13), (11, 17), (11, 23), (11, 29), (13, 2), (13, 3), (13, 5), (13, 7), (13, 11), (13, 17), (13, 23), (13, 29), (17, 2), (17, 3), (17, 5), (17, 7), (17, 11), (17, 13), (17, 23), (17, 29), (23, 2), (23, 3), (23, 5), (23, 7), (23, 11), (23, 13), (23, 17), (23, 29)]
Extra edge: 11 5
False ('Fi24', 170) [(11, 2), (11, 3), (11, 5), (11, 7), (11, 13), (11, 17), (11, 23), (11, 29), (13, 2), (13, 3), (13, 5), (13, 7), (13, 11), (13, 17), (13, 23), (13, 29), (17, 2), (17, 3), (17, 5), (17, 7), (17, 11), (17, 13), (17, 23), (17, 29), (23, 2), (23, 3), (23, 5), (23, 7), (23, 11), (23, 13), (23, 17), (23, 29)]
Extra edge: 11 5
False ('Fi24', 171) [(11, 2), (11, 3), (11, 5), (11, 7), (11, 13), (11, 17), (11, 23), (11, 29), (13, 2), (13, 3), (13, 5), (13, 7), (13, 11), (13, 17), (13, 23), (13, 29), (17, 2), (17, 3), (17, 5), (17, 7), (17, 11), (17, 13), (17, 23), (17, 29), (23, 2), (23, 3), (23, 5), (23, 7), (23, 11), (23, 13), (23, 17), (23, 29)]
Extra edge: 11 5
False ('Fi24', 172) [(11, 2), (11, 3), (11, 5), (11, 7), (11, 13), (11, 17), (11, 23), (11, 29), (13, 2), (13, 3), (13, 5), (13, 7), (13, 11), (13, 17), (13, 23), (13, 29), (17, 2), (17, 3), (17, 5), (17, 7), (17, 11), (17, 13), (17, 23), (17, 29), (23, 2), (23, 3), (23, 5), (23, 7), (23, 11), (23, 13), (23, 17), (23, 29)]
Extra edge: 11 5
False ('Fi24', 173) [(11, 2), (11, 3), (11, 5), (11, 7), (11, 13), (11, 17), (11, 23), (11, 29), (13, 2), (13, 3), (13, 5), (13, 7), (13, 11), (13, 17), (13, 23), (13, 29), (17, 2), (17, 3), (17, 5), (17, 7), (17, 11), (17, 13), (17, 23), (17, 29), (23, 2), (23, 3), (23, 5), (23, 7), (23, 11), (23, 13), (23, 17), (23, 29)]
Extra edge: 11 5
False ('Fi24', 174) [(11, 2), (11, 3), (11, 5), (11, 7), (11, 13), (11, 17), (11, 23), (11, 29), (13, 2), (13, 3), (13, 5), (13, 7), (13, 11), (13, 17), (13, 23), (13, 29), (17, 2), (17, 3), (17, 5), (17, 7), (17, 11), (17, 13), (17, 23), (17, 29), (23, 2), (23, 3), (23, 5), (23, 7), (23, 11), (23, 13), (23, 17), (23, 29)]
Extra edge: 11 5
False ('Fi24', 175) [(11, 2), (11, 3), (11, 5), (11, 7), (11, 13), (11, 17), (11, 23), (11, 29), (17, 2), (17, 3), (17, 5), (17, 7), (17, 11), (17, 13), (17, 23), (17, 29), (23, 2), (23, 3), (23, 5), (23, 7), (23, 11), (23, 13), (23, 17), (23, 29)]
Extra edge: 17 3
False ('Fi24', 176) [(17, 2), (17, 3), (17, 5), (17, 7), (17, 11), (17, 13), (17, 23), (17, 29), (23, 2), (23, 3), (23, 5), (23, 7), (23, 11), (23, 13), (23, 17), (23, 29)]
Extra edge: 17 3
False ('Fi24', 177) [(17, 2), (17, 3), (17, 5), (17, 7), (17, 11), (17, 13), (17, 23), (17, 29), (23, 2), (23, 3), (23, 5), (23, 7), (23, 11), (23, 13), (23, 17), (23, 29)]
Extra edge: 17 3
False ('Fi24', 178) [(17, 2), (17, 3), (17, 5), (17, 7), (17, 11), (17, 13), (17, 23), (17, 29), (23, 2), (23, 3), (23, 5), (23, 7), (23, 11), (23, 13), (23, 17), (23, 29)]
Extra edge: 17 3
False ('Fi24', 179) [(17, 2), (17, 3), (17, 5), (17, 7), (17, 11), (17, 13), (17, 23), (17, 29), (23, 2), (23, 3), (23, 5), (23, 7), (23, 11), (23, 13), (23, 17), (23, 29)]
Extra edge: 17 3
False ('Fi24', 180) [(17, 2), (17, 3), (17, 5), (17, 7), (17, 11), (17, 13), (17, 23), (17, 29)]
Extra edge: 17 3
False ('Fi24', 181) [(17, 2), (17, 3), (17, 5), (17, 7), (17, 11), (17, 13), (17, 23), (17, 29)]
Extra edge: 2 31
False ('ON', 1) [(2, 3), (2, 5), (2, 7), (2, 11), (2, 19), (2, 31), (3, 2), (3, 5), (3, 7), (3, 11), (3, 19), (3, 31), (5, 2), (5, 3), (5, 7), (5, 11), (5, 19), (5, 31), (7, 2), (7, 3), (7, 5), (7, 11), (7, 19), (7, 31), (11, 2), (11, 3), (11, 5), (11, 7), (11, 19), (11, 31), (19, 2), (19, 3), (19, 5), (19, 7), (19, 11), (19, 31)]
Extra edge: 2 31
False ('ON', 2) [(2, 3), (2, 5), (2, 7), (2, 11), (2, 19), (2, 31), (3, 2), (3, 5), (3, 7), (3, 11), (3, 19), (3, 31), (5, 2), (5, 3), (5, 7), (5, 11), (5, 19), (5, 31), (7, 2), (7, 3), (7, 5), (7, 11), (7, 19), (7, 31), (11, 2), (11, 3), (11, 5), (11, 7), (11, 19), (11, 31), (19, 2), (19, 3), (19, 5), (19, 7), (19, 11), (19, 31)]
Extra edge: 2 31
False ('ON', 3) [(2, 3), (2, 5), (2, 7), (2, 11), (2, 19), (2, 31), (3, 2), (3, 5), (3, 7), (3, 11), (3, 19), (3, 31), (5, 2), (5, 3), (5, 7), (5, 11), (5, 19), (5, 31), (7, 2), (7, 3), (7, 5), (7, 11), (7, 19), (7, 31), (11, 2), (11, 3), (11, 5), (11, 7), (11, 19), (11, 31), (19, 2), (19, 3), (19, 5), (19, 7), (19, 11), (19, 31)]
Extra edge: 2 31
False ('ON', 4) [(2, 3), (2, 5), (2, 7), (2, 11), (2, 19), (2, 31), (3, 2), (3, 5), (3, 7), (3, 11), (3, 19), (3, 31), (5, 2), (5, 3), (5, 7), (5, 11), (5, 19), (5, 31), (7, 2), (7, 3), (7, 5), (7, 11), (7, 19), (7, 31), (11, 2), (11, 3), (11, 5), (11, 7), (11, 19), (11, 31), (19, 2), (19, 3), (19, 5), (19, 7), (19, 11), (19, 31)]
Extra edge: 2 31
False ('ON', 5) [(2, 3), (2, 5), (2, 7), (2, 11), (2, 19), (2, 31), (3, 2), (3, 5), (3, 7), (3, 11), (3, 19), (3, 31), (5, 2), (5, 3), (5, 7), (5, 11), (5, 19), (5, 31), (7, 2), (7, 3), (7, 5), (7, 11), (7, 19), (7, 31), (11, 2), (11, 3), (11, 5), (11, 7), (11, 19), (11, 31), (19, 2), (19, 3), (19, 5), (19, 7), (19, 11), (19, 31)]
Extra edge: 2 31
False ('ON', 6) [(2, 3), (2, 5), (2, 7), (2, 11), (2, 19), (2, 31), (3, 2), (3, 5), (3, 7), (3, 11), (3, 19), (3, 31), (5, 2), (5, 3), (5, 7), (5, 11), (5, 19), (5, 31), (7, 2), (7, 3), (7, 5), (7, 11), (7, 19), (7, 31), (11, 2), (11, 3), (11, 5), (11, 7), (11, 19), (11, 31), (19, 2), (19, 3), (19, 5), (19, 7), (19, 11), (19, 31)]
Extra edge: 2 31
False ('ON', 7) [(2, 3), (2, 5), (2, 7), (2, 11), (2, 19), (2, 31), (3, 2), (3, 5), (3, 7), (3, 11), (3, 19), (3, 31), (5, 2), (5, 3), (5, 7), (5, 11), (5, 19), (5, 31), (7, 2), (7, 3), (7, 5), (7, 11), (7, 19), (7, 31), (11, 2), (11, 3), (11, 5), (11, 7), (11, 19), (11, 31), (19, 2), (19, 3), (19, 5), (19, 7), (19, 11), (19, 31)]
Extra edge: 2 31
False ('ON', 8) [(2, 3), (2, 5), (2, 7), (2, 11), (2, 19), (2, 31), (3, 2), (3, 5), (3, 7), (3, 11), (3, 19), (3, 31), (5, 2), (5, 3), (5, 7), (5, 11), (5, 19), (5, 31), (7, 2), (7, 3), (7, 5), (7, 11), (7, 19), (7, 31), (11, 2), (11, 3), (11, 5), (11, 7), (11, 19), (11, 31), (19, 2), (19, 3), (19, 5), (19, 7), (19, 11), (19, 31)]
Extra edge: 2 31
False ('ON', 9) [(2, 3), (2, 5), (2, 7), (2, 11), (2, 19), (2, 31), (3, 2), (3, 5), (3, 7), (3, 11), (3, 19), (3, 31), (5, 2), (5, 3), (5, 7), (5, 11), (5, 19), (5, 31), (7, 2), (7, 3), (7, 5), (7, 11), (7, 19), (7, 31), (11, 2), (11, 3), (11, 5), (11, 7), (11, 19), (11, 31), (19, 2), (19, 3), (19, 5), (19, 7), (19, 11), (19, 31)]
Extra edge: 2 31
False ('ON', 10) [(2, 3), (2, 5), (2, 7), (2, 11), (2, 19), (2, 31), (3, 2), (3, 5), (3, 7), (3, 11), (3, 19), (3, 31), (5, 2), (5, 3), (5, 7), (5, 11), (5, 19), (5, 31), (7, 2), (7, 3), (7, 5), (7, 11), (7, 19), (7, 31), (11, 2), (11, 3), (11, 5), (11, 7), (11, 19), (11, 31), (19, 2), (19, 3), (19, 5), (19, 7), (19, 11), (19, 31)]
Extra edge: 2 31
False ('ON', 11) [(2, 3), (2, 5), (2, 7), (2, 11), (2, 19), (2, 31), (3, 2), (3, 5), (3, 7), (3, 11), (3, 19), (3, 31), (5, 2), (5, 3), (5, 7), (5, 11), (5, 19), (5, 31), (7, 2), (7, 3), (7, 5), (7, 11), (7, 19), (7, 31), (11, 2), (11, 3), (11, 5), (11, 7), (11, 19), (11, 31), (19, 2), (19, 3), (19, 5), (19, 7), (19, 11), (19, 31)]
Extra edge: 2 31
False ('ON', 12) [(2, 3), (2, 5), (2, 7), (2, 11), (2, 19), (2, 31), (3, 2), (3, 5), (3, 7), (3, 11), (3, 19), (3, 31), (5, 2), (5, 3), (5, 7), (5, 11), (5, 19), (5, 31), (7, 2), (7, 3), (7, 5), (7, 11), (7, 19), (7, 31), (11, 2), (11, 3), (11, 5), (11, 7), (11, 19), (11, 31), (19, 2), (19, 3), (19, 5), (19, 7), (19, 11), (19, 31)]
Extra edge: 2 31
False ('ON', 13) [(2, 3), (2, 5), (2, 7), (2, 11), (2, 19), (2, 31), (3, 2), (3, 5), (3, 7), (3, 11), (3, 19), (3, 31), (5, 2), (5, 3), (5, 7), (5, 11), (5, 19), (5, 31), (7, 2), (7, 3), (7, 5), (7, 11), (7, 19), (7, 31), (11, 2), (11, 3), (11, 5), (11, 7), (11, 19), (11, 31), (19, 2), (19, 3), (19, 5), (19, 7), (19, 11), (19, 31)]
Extra edge: 3 7
False ('ON', 14) [(3, 2), (3, 5), (3, 7), (3, 11), (3, 19), (3, 31), (5, 2), (5, 3), (5, 7), (5, 11), (5, 19), (5, 31), (7, 2), (7, 3), (7, 5), (7, 11), (7, 19), (7, 31), (11, 2), (11, 3), (11, 5), (11, 7), (11, 19), (11, 31), (19, 2), (19, 3), (19, 5), (19, 7), (19, 11), (19, 31)]
Extra edge: 3 7
False ('ON', 15) [(3, 2), (3, 5), (3, 7), (3, 11), (3, 19), (3, 31), (5, 2), (5, 3), (5, 7), (5, 11), (5, 19), (5, 31), (7, 2), (7, 3), (7, 5), (7, 11), (7, 19), (7, 31), (11, 2), (11, 3), (11, 5), (11, 7), (11, 19), (11, 31), (19, 2), (19, 3), (19, 5), (19, 7), (19, 11), (19, 31)]
Extra edge: 3 7
False ('ON', 16) [(3, 2), (3, 5), (3, 7), (3, 11), (3, 19), (3, 31), (5, 2), (5, 3), (5, 7), (5, 11), (5, 19), (5, 31), (7, 2), (7, 3), (7, 5), (7, 11), (7, 19), (7, 31), (11, 2), (11, 3), (11, 5), (11, 7), (11, 19), (11, 31), (19, 2), (19, 3), (19, 5), (19, 7), (19, 11), (19, 31)]
Extra edge: 3 7
False ('ON', 17) [(3, 2), (3, 5), (3, 7), (3, 11), (3, 19), (3, 31), (5, 2), (5, 3), (5, 7), (5, 11), (5, 19), (5, 31), (7, 2), (7, 3), (7, 5), (7, 11), (7, 19), (7, 31), (11, 2), (11, 3), (11, 5), (11, 7), (11, 19), (11, 31), (19, 2), (19, 3), (19, 5), (19, 7), (19, 11), (19, 31)]
Extra edge: 3 7
False ('ON', 18) [(3, 2), (3, 5), (3, 7), (3, 11), (3, 19), (3, 31), (5, 2), (5, 3), (5, 7), (5, 11), (5, 19), (5, 31), (7, 2), (7, 3), (7, 5), (7, 11), (7, 19), (7, 31), (11, 2), (11, 3), (11, 5), (11, 7), (11, 19), (11, 31), (19, 2), (19, 3), (19, 5), (19, 7), (19, 11), (19, 31)]
Extra edge: 3 7
False ('ON', 19) [(3, 2), (3, 5), (3, 7), (3, 11), (3, 19), (3, 31), (5, 2), (5, 3), (5, 7), (5, 11), (5, 19), (5, 31), (7, 2), (7, 3), (7, 5), (7, 11), (7, 19), (7, 31), (11, 2), (11, 3), (11, 5), (11, 7), (11, 19), (11, 31), (19, 2), (19, 3), (19, 5), (19, 7), (19, 11), (19, 31)]
Extra edge: 3 7
False ('ON', 20) [(3, 2), (3, 5), (3, 7), (3, 11), (3, 19), (3, 31), (5, 2), (5, 3), (5, 7), (5, 11), (5, 19), (5, 31), (7, 2), (7, 3), (7, 5), (7, 11), (7, 19), (7, 31), (11, 2), (11, 3), (11, 5), (11, 7), (11, 19), (11, 31), (19, 2), (19, 3), (19, 5), (19, 7), (19, 11), (19, 31)]
Extra edge: 3 7
False ('ON', 21) [(3, 2), (3, 5), (3, 7), (3, 11), (3, 19), (3, 31), (5, 2), (5, 3), (5, 7), (5, 11), (5, 19), (5, 31), (7, 2), (7, 3), (7, 5), (7, 11), (7, 19), (7, 31), (11, 2), (11, 3), (11, 5), (11, 7), (11, 19), (11, 31), (19, 2), (19, 3), (19, 5), (19, 7), (19, 11), (19, 31)]
Extra edge: 3 7
False ('ON', 22) [(3, 2), (3, 5), (3, 7), (3, 11), (3, 19), (3, 31), (5, 2), (5, 3), (5, 7), (5, 11), (5, 19), (5, 31), (7, 2), (7, 3), (7, 5), (7, 11), (7, 19), (7, 31), (11, 2), (11, 3), (11, 5), (11, 7), (11, 19), (11, 31), (19, 2), (19, 3), (19, 5), (19, 7), (19, 11), (19, 31)]
Extra edge: 3 7
False ('ON', 23) [(3, 2), (3, 5), (3, 7), (3, 11), (3, 19), (3, 31), (5, 2), (5, 3), (5, 7), (5, 11), (5, 19), (5, 31), (7, 2), (7, 3), (7, 5), (7, 11), (7, 19), (7, 31), (11, 2), (11, 3), (11, 5), (11, 7), (11, 19), (11, 31), (19, 2), (19, 3), (19, 5), (19, 7), (19, 11), (19, 31)]
Extra edge: 3 7
False ('ON', 24) [(3, 2), (3, 5), (3, 7), (3, 11), (3, 19), (3, 31), (5, 2), (5, 3), (5, 7), (5, 11), (5, 19), (5, 31), (7, 2), (7, 3), (7, 5), (7, 11), (7, 19), (7, 31), (11, 2), (11, 3), (11, 5), (11, 7), (11, 19), (11, 31), (19, 2), (19, 3), (19, 5), (19, 7), (19, 11), (19, 31)]
Extra edge: 3 7
False ('ON', 25) [(3, 2), (3, 5), (3, 7), (3, 11), (3, 19), (3, 31), (7, 2), (7, 3), (7, 5), (7, 11), (7, 19), (7, 31), (11, 2), (11, 3), (11, 5), (11, 7), (11, 19), (11, 31), (19, 2), (19, 3), (19, 5), (19, 7), (19, 11), (19, 31)]
Extra edge: 11 3
False ('ON', 26) [(11, 2), (11, 3), (11, 5), (11, 7), (11, 19), (11, 31), (19, 2), (19, 3), (19, 5), (19, 7), (19, 11), (19, 31)]
Extra edge: 11 3
False ('ON', 27) [(11, 2), (11, 3), (11, 5), (11, 7), (11, 19), (11, 31), (19, 2), (19, 3), (19, 5), (19, 7), (19, 11), (19, 31)]
Extra edge: 11 3
False ('ON', 28) [(11, 2), (11, 3), (11, 5), (11, 7), (11, 19), (11, 31)]
Extra edge: 11 3
False ('ON', 29) [(11, 2), (11, 3), (11, 5), (11, 7), (11, 19), (11, 31)]
Extra edge: 2 31
False ('ON.2', 1) [(2, 3), (2, 5), (2, 7), (2, 11), (2, 19), (2, 31), (3, 2), (3, 5), (3, 7), (3, 11), (3, 19), (3, 31), (5, 2), (5, 3), (5, 7), (5, 11), (5, 19), (5, 31), (7, 2), (7, 3), (7, 5), (7, 11), (7, 19), (7, 31), (11, 2), (11, 3), (11, 5), (11, 7), (11, 19), (11, 31), (19, 2), (19, 3), (19, 5), (19, 7), (19, 11), (19, 31)]
Extra edge: 2 31
False ('ON.2', 2) [(2, 3), (2, 5), (2, 7), (2, 11), (2, 19), (2, 31), (3, 2), (3, 5), (3, 7), (3, 11), (3, 19), (3, 31), (5, 2), (5, 3), (5, 7), (5, 11), (5, 19), (5, 31), (7, 2), (7, 3), (7, 5), (7, 11), (7, 19), (7, 31), (11, 2), (11, 3), (11, 5), (11, 7), (11, 19), (11, 31), (19, 2), (19, 3), (19, 5), (19, 7), (19, 11), (19, 31)]
Extra edge: 2 31
False ('ON.2', 3) [(2, 3), (2, 5), (2, 7), (2, 11), (2, 19), (2, 31), (3, 2), (3, 5), (3, 7), (3, 11), (3, 19), (3, 31), (5, 2), (5, 3), (5, 7), (5, 11), (5, 19), (5, 31), (7, 2), (7, 3), (7, 5), (7, 11), (7, 19), (7, 31), (11, 2), (11, 3), (11, 5), (11, 7), (11, 19), (11, 31), (19, 2), (19, 3), (19, 5), (19, 7), (19, 11), (19, 31)]
Extra edge: 2 31
False ('ON.2', 4) [(2, 3), (2, 5), (2, 7), (2, 11), (2, 19), (2, 31), (3, 2), (3, 5), (3, 7), (3, 11), (3, 19), (3, 31), (5, 2), (5, 3), (5, 7), (5, 11), (5, 19), (5, 31), (7, 2), (7, 3), (7, 5), (7, 11), (7, 19), (7, 31), (11, 2), (11, 3), (11, 5), (11, 7), (11, 19), (11, 31), (19, 2), (19, 3), (19, 5), (19, 7), (19, 11), (19, 31)]
Extra edge: 2 31
False ('ON.2', 5) [(2, 3), (2, 5), (2, 7), (2, 11), (2, 19), (2, 31), (3, 2), (3, 5), (3, 7), (3, 11), (3, 19), (3, 31), (5, 2), (5, 3), (5, 7), (5, 11), (5, 19), (5, 31), (7, 2), (7, 3), (7, 5), (7, 11), (7, 19), (7, 31), (11, 2), (11, 3), (11, 5), (11, 7), (11, 19), (11, 31), (19, 2), (19, 3), (19, 5), (19, 7), (19, 11), (19, 31)]
Extra edge: 2 31
False ('ON.2', 6) [(2, 3), (2, 5), (2, 7), (2, 11), (2, 19), (2, 31), (3, 2), (3, 5), (3, 7), (3, 11), (3, 19), (3, 31), (5, 2), (5, 3), (5, 7), (5, 11), (5, 19), (5, 31), (7, 2), (7, 3), (7, 5), (7, 11), (7, 19), (7, 31), (11, 2), (11, 3), (11, 5), (11, 7), (11, 19), (11, 31), (19, 2), (19, 3), (19, 5), (19, 7), (19, 11), (19, 31)]
Extra edge: 2 31
False ('ON.2', 7) [(2, 3), (2, 5), (2, 7), (2, 11), (2, 19), (2, 31), (3, 2), (3, 5), (3, 7), (3, 11), (3, 19), (3, 31), (5, 2), (5, 3), (5, 7), (5, 11), (5, 19), (5, 31), (7, 2), (7, 3), (7, 5), (7, 11), (7, 19), (7, 31), (11, 2), (11, 3), (11, 5), (11, 7), (11, 19), (11, 31), (19, 2), (19, 3), (19, 5), (19, 7), (19, 11), (19, 31)]
Extra edge: 2 31
False ('ON.2', 8) [(2, 3), (2, 5), (2, 7), (2, 11), (2, 19), (2, 31), (3, 2), (3, 5), (3, 7), (3, 11), (3, 19), (3, 31), (5, 2), (5, 3), (5, 7), (5, 11), (5, 19), (5, 31), (7, 2), (7, 3), (7, 5), (7, 11), (7, 19), (7, 31), (11, 2), (11, 3), (11, 5), (11, 7), (11, 19), (11, 31), (19, 2), (19, 3), (19, 5), (19, 7), (19, 11), (19, 31)]
Extra edge: 2 31
False ('ON.2', 9) [(2, 3), (2, 5), (2, 7), (2, 11), (2, 19), (2, 31), (3, 2), (3, 5), (3, 7), (3, 11), (3, 19), (3, 31), (5, 2), (5, 3), (5, 7), (5, 11), (5, 19), (5, 31), (7, 2), (7, 3), (7, 5), (7, 11), (7, 19), (7, 31), (11, 2), (11, 3), (11, 5), (11, 7), (11, 19), (11, 31), (19, 2), (19, 3), (19, 5), (19, 7), (19, 11), (19, 31)]
Extra edge: 2 31
False ('ON.2', 10) [(2, 3), (2, 5), (2, 7), (2, 11), (2, 19), (2, 31), (3, 2), (3, 5), (3, 7), (3, 11), (3, 19), (3, 31), (5, 2), (5, 3), (5, 7), (5, 11), (5, 19), (5, 31), (7, 2), (7, 3), (7, 5), (7, 11), (7, 19), (7, 31), (11, 2), (11, 3), (11, 5), (11, 7), (11, 19), (11, 31), (19, 2), (19, 3), (19, 5), (19, 7), (19, 11), (19, 31)]
Extra edge: 2 31
False ('ON.2', 11) [(2, 3), (2, 5), (2, 7), (2, 11), (2, 19), (2, 31), (3, 2), (3, 5), (3, 7), (3, 11), (3, 19), (3, 31), (5, 2), (5, 3), (5, 7), (5, 11), (5, 19), (5, 31), (7, 2), (7, 3), (7, 5), (7, 11), (7, 19), (7, 31), (11, 2), (11, 3), (11, 5), (11, 7), (11, 19), (11, 31), (19, 2), (19, 3), (19, 5), (19, 7), (19, 11), (19, 31)]
Extra edge: 2 31
False ('ON.2', 12) [(2, 3), (2, 5), (2, 7), (2, 11), (2, 19), (2, 31), (3, 2), (3, 5), (3, 7), (3, 11), (3, 19), (3, 31), (5, 2), (5, 3), (5, 7), (5, 11), (5, 19), (5, 31), (7, 2), (7, 3), (7, 5), (7, 11), (7, 19), (7, 31), (11, 2), (11, 3), (11, 5), (11, 7), (11, 19), (11, 31), (19, 2), (19, 3), (19, 5), (19, 7), (19, 11), (19, 31)]
Extra edge: 3 7
False ('ON.2', 13) [(3, 2), (3, 5), (3, 7), (3, 11), (3, 19), (3, 31), (5, 2), (5, 3), (5, 7), (5, 11), (5, 19), (5, 31), (7, 2), (7, 3), (7, 5), (7, 11), (7, 19), (7, 31), (11, 2), (11, 3), (11, 5), (11, 7), (11, 19), (11, 31), (19, 2), (19, 3), (19, 5), (19, 7), (19, 11), (19, 31)]
Extra edge: 3 7
False ('ON.2', 14) [(3, 2), (3, 5), (3, 7), (3, 11), (3, 19), (3, 31), (5, 2), (5, 3), (5, 7), (5, 11), (5, 19), (5, 31), (7, 2), (7, 3), (7, 5), (7, 11), (7, 19), (7, 31), (11, 2), (11, 3), (11, 5), (11, 7), (11, 19), (11, 31), (19, 2), (19, 3), (19, 5), (19, 7), (19, 11), (19, 31)]
Extra edge: 3 7
False ('ON.2', 15) [(3, 2), (3, 5), (3, 7), (3, 11), (3, 19), (3, 31), (5, 2), (5, 3), (5, 7), (5, 11), (5, 19), (5, 31), (7, 2), (7, 3), (7, 5), (7, 11), (7, 19), (7, 31), (11, 2), (11, 3), (11, 5), (11, 7), (11, 19), (11, 31), (19, 2), (19, 3), (19, 5), (19, 7), (19, 11), (19, 31)]
Extra edge: 3 7
False ('ON.2', 16) [(3, 2), (3, 5), (3, 7), (3, 11), (3, 19), (3, 31), (5, 2), (5, 3), (5, 7), (5, 11), (5, 19), (5, 31), (7, 2), (7, 3), (7, 5), (7, 11), (7, 19), (7, 31), (11, 2), (11, 3), (11, 5), (11, 7), (11, 19), (11, 31), (19, 2), (19, 3), (19, 5), (19, 7), (19, 11), (19, 31)]
Extra edge: 3 7
False ('ON.2', 17) [(3, 2), (3, 5), (3, 7), (3, 11), (3, 19), (3, 31), (5, 2), (5, 3), (5, 7), (5, 11), (5, 19), (5, 31), (7, 2), (7, 3), (7, 5), (7, 11), (7, 19), (7, 31), (11, 2), (11, 3), (11, 5), (11, 7), (11, 19), (11, 31), (19, 2), (19, 3), (19, 5), (19, 7), (19, 11), (19, 31)]
Extra edge: 3 7
False ('ON.2', 18) [(3, 2), (3, 5), (3, 7), (3, 11), (3, 19), (3, 31), (5, 2), (5, 3), (5, 7), (5, 11), (5, 19), (5, 31), (7, 2), (7, 3), (7, 5), (7, 11), (7, 19), (7, 31), (11, 2), (11, 3), (11, 5), (11, 7), (11, 19), (11, 31), (19, 2), (19, 3), (19, 5), (19, 7), (19, 11), (19, 31)]
Extra edge: 3 7
False ('ON.2', 19) [(3, 2), (3, 5), (3, 7), (3, 11), (3, 19), (3, 31), (5, 2), (5, 3), (5, 7), (5, 11), (5, 19), (5, 31), (7, 2), (7, 3), (7, 5), (7, 11), (7, 19), (7, 31), (11, 2), (11, 3), (11, 5), (11, 7), (11, 19), (11, 31), (19, 2), (19, 3), (19, 5), (19, 7), (19, 11), (19, 31)]
Extra edge: 3 7
False ('ON.2', 20) [(3, 2), (3, 5), (3, 7), (3, 11), (3, 19), (3, 31), (5, 2), (5, 3), (5, 7), (5, 11), (5, 19), (5, 31), (7, 2), (7, 3), (7, 5), (7, 11), (7, 19), (7, 31), (11, 2), (11, 3), (11, 5), (11, 7), (11, 19), (11, 31), (19, 2), (19, 3), (19, 5), (19, 7), (19, 11), (19, 31)]
Extra edge: 3 7
False ('ON.2', 21) [(3, 2), (3, 5), (3, 7), (3, 11), (3, 19), (3, 31), (5, 2), (5, 3), (5, 7), (5, 11), (5, 19), (5, 31), (7, 2), (7, 3), (7, 5), (7, 11), (7, 19), (7, 31), (11, 2), (11, 3), (11, 5), (11, 7), (11, 19), (11, 31), (19, 2), (19, 3), (19, 5), (19, 7), (19, 11), (19, 31)]
Extra edge: 3 7
False ('ON.2', 22) [(3, 2), (3, 5), (3, 7), (3, 11), (3, 19), (3, 31), (5, 2), (5, 3), (5, 7), (5, 11), (5, 19), (5, 31), (7, 2), (7, 3), (7, 5), (7, 11), (7, 19), (7, 31), (11, 2), (11, 3), (11, 5), (11, 7), (11, 19), (11, 31), (19, 2), (19, 3), (19, 5), (19, 7), (19, 11), (19, 31)]
Extra edge: 3 7
False ('ON.2', 23) [(3, 2), (3, 5), (3, 7), (3, 11), (3, 19), (3, 31), (5, 2), (5, 3), (5, 7), (5, 11), (5, 19), (5, 31), (7, 2), (7, 3), (7, 5), (7, 11), (7, 19), (7, 31), (11, 2), (11, 3), (11, 5), (11, 7), (11, 19), (11, 31), (19, 2), (19, 3), (19, 5), (19, 7), (19, 11), (19, 31)]
Extra edge: 3 7
False ('ON.2', 24) [(3, 2), (3, 5), (3, 7), (3, 11), (3, 19), (3, 31), (5, 2), (5, 3), (5, 7), (5, 11), (5, 19), (5, 31), (7, 2), (7, 3), (7, 5), (7, 11), (7, 19), (7, 31), (11, 2), (11, 3), (11, 5), (11, 7), (11, 19), (11, 31), (19, 2), (19, 3), (19, 5), (19, 7), (19, 11), (19, 31)]
Extra edge: 3 7
False ('ON.2', 25) [(3, 2), (3, 5), (3, 7), (3, 11), (3, 19), (3, 31), (5, 2), (5, 3), (5, 7), (5, 11), (5, 19), (5, 31), (7, 2), (7, 3), (7, 5), (7, 11), (7, 19), (7, 31), (11, 2), (11, 3), (11, 5), (11, 7), (11, 19), (11, 31), (19, 2), (19, 3), (19, 5), (19, 7), (19, 11), (19, 31)]
Extra edge: 3 7
False ('ON.2', 26) [(3, 2), (3, 5), (3, 7), (3, 11), (3, 19), (3, 31), (5, 2), (5, 3), (5, 7), (5, 11), (5, 19), (5, 31), (7, 2), (7, 3), (7, 5), (7, 11), (7, 19), (7, 31), (11, 2), (11, 3), (11, 5), (11, 7), (11, 19), (11, 31), (19, 2), (19, 3), (19, 5), (19, 7), (19, 11), (19, 31)]
Extra edge: 3 7
False ('ON.2', 27) [(3, 2), (3, 5), (3, 7), (3, 11), (3, 19), (3, 31), (5, 2), (5, 3), (5, 7), (5, 11), (5, 19), (5, 31), (7, 2), (7, 3), (7, 5), (7, 11), (7, 19), (7, 31), (11, 2), (11, 3), (11, 5), (11, 7), (11, 19), (11, 31), (19, 2), (19, 3), (19, 5), (19, 7), (19, 11), (19, 31)]
Extra edge: 3 7
False ('ON.2', 28) [(3, 2), (3, 5), (3, 7), (3, 11), (3, 19), (3, 31), (5, 2), (5, 3), (5, 7), (5, 11), (5, 19), (5, 31), (7, 2), (7, 3), (7, 5), (7, 11), (7, 19), (7, 31), (11, 2), (11, 3), (11, 5), (11, 7), (11, 19), (11, 31), (19, 2), (19, 3), (19, 5), (19, 7), (19, 11), (19, 31)]
Extra edge: 3 7
False ('ON.2', 29) [(3, 2), (3, 5), (3, 7), (3, 11), (3, 19), (3, 31), (5, 2), (5, 3), (5, 7), (5, 11), (5, 19), (5, 31), (7, 2), (7, 3), (7, 5), (7, 11), (7, 19), (7, 31), (11, 2), (11, 3), (11, 5), (11, 7), (11, 19), (11, 31), (19, 2), (19, 3), (19, 5), (19, 7), (19, 11), (19, 31)]
Extra edge: 3 7
False ('ON.2', 30) [(3, 2), (3, 5), (3, 7), (3, 11), (3, 19), (3, 31), (5, 2), (5, 3), (5, 7), (5, 11), (5, 19), (5, 31), (7, 2), (7, 3), (7, 5), (7, 11), (7, 19), (7, 31), (11, 2), (11, 3), (11, 5), (11, 7), (11, 19), (11, 31), (19, 2), (19, 3), (19, 5), (19, 7), (19, 11), (19, 31)]
Extra edge: 3 7
False ('ON.2', 31) [(3, 2), (3, 5), (3, 7), (3, 11), (3, 19), (3, 31), (5, 2), (5, 3), (5, 7), (5, 11), (5, 19), (5, 31), (7, 2), (7, 3), (7, 5), (7, 11), (7, 19), (7, 31), (11, 2), (11, 3), (11, 5), (11, 7), (11, 19), (11, 31), (19, 2), (19, 3), (19, 5), (19, 7), (19, 11), (19, 31)]
Extra edge: 3 7
False ('ON.2', 32) [(3, 2), (3, 5), (3, 7), (3, 11), (3, 19), (3, 31), (5, 2), (5, 3), (5, 7), (5, 11), (5, 19), (5, 31), (7, 2), (7, 3), (7, 5), (7, 11), (7, 19), (7, 31), (11, 2), (11, 3), (11, 5), (11, 7), (11, 19), (11, 31), (19, 2), (19, 3), (19, 5), (19, 7), (19, 11), (19, 31)]
Extra edge: 3 7
False ('ON.2', 33) [(3, 2), (3, 5), (3, 7), (3, 11), (3, 19), (3, 31), (5, 2), (5, 3), (5, 7), (5, 11), (5, 19), (5, 31), (7, 2), (7, 3), (7, 5), (7, 11), (7, 19), (7, 31), (11, 2), (11, 3), (11, 5), (11, 7), (11, 19), (11, 31), (19, 2), (19, 3), (19, 5), (19, 7), (19, 11), (19, 31)]
Extra edge: 3 7
False ('ON.2', 34) [(3, 2), (3, 5), (3, 7), (3, 11), (3, 19), (3, 31), (5, 2), (5, 3), (5, 7), (5, 11), (5, 19), (5, 31), (7, 2), (7, 3), (7, 5), (7, 11), (7, 19), (7, 31), (11, 2), (11, 3), (11, 5), (11, 7), (11, 19), (11, 31), (19, 2), (19, 3), (19, 5), (19, 7), (19, 11), (19, 31)]
Extra edge: 3 7
False ('ON.2', 35) [(3, 2), (3, 5), (3, 7), (3, 11), (3, 19), (3, 31), (5, 2), (5, 3), (5, 7), (5, 11), (5, 19), (5, 31), (7, 2), (7, 3), (7, 5), (7, 11), (7, 19), (7, 31), (11, 2), (11, 3), (11, 5), (11, 7), (11, 19), (11, 31), (19, 2), (19, 3), (19, 5), (19, 7), (19, 11), (19, 31)]
Extra edge: 5 7
False ('ON.2', 36) [(5, 2), (5, 3), (5, 7), (5, 11), (5, 19), (5, 31), (11, 2), (11, 3), (11, 5), (11, 7), (11, 19), (11, 31), (19, 2), (19, 3), (19, 5), (19, 7), (19, 11), (19, 31)]
Extra edge: 11 3
False ('ON.2', 37) [(11, 2), (11, 3), (11, 5), (11, 7), (11, 19), (11, 31), (19, 2), (19, 3), (19, 5), (19, 7), (19, 11), (19, 31)]
Extra edge: 11 3
False ('ON.2', 38) [(11, 2), (11, 3), (11, 5), (11, 7), (11, 19), (11, 31), (19, 2), (19, 3), (19, 5), (19, 7), (19, 11), (19, 31)]
Extra edge: 11 3
False ('ON.2', 39) [(11, 2), (11, 3), (11, 5), (11, 7), (11, 19), (11, 31), (19, 2), (19, 3), (19, 5), (19, 7), (19, 11), (19, 31)]
Extra edge: 11 3
False ('ON.2', 40) [(11, 2), (11, 3), (11, 5), (11, 7), (11, 19), (11, 31)]
Extra edge: 11 3
False ('ON.2', 41) [(11, 2), (11, 3), (11, 5), (11, 7), (11, 19), (11, 31)]
Extra edge: 11 3
False ('ON.2', 42) [(11, 2), (11, 3), (11, 5), (11, 7), (11, 19), (11, 31)]
Extra edge: 11 3
False ('ON.2', 43) [(11, 2), (11, 3), (11, 5), (11, 7), (11, 19), (11, 31)]
